1903
9935
10855
31623
23219
37099
1821
2614
46190
38718
22410
16409
14377
28993
19992
6288
8223
38279
11053
13440
18917
23672
30571
14982
38393
38589
10960
11406
15224
20114
2811
9058
28942
17654
41183
40928
7582
25318
16093
13154
42247
47951
17726
22220
44938
363
6489
47692
4443
48227
47546
3605
38381
11655
5330
18651
3657
39350
37702
16925
5225
314
2593
45825
15180
26532
44533
25939
5881
11479
46823
23648
19295
38328
36143
42359
45103
22169
32122
43372
5683
44372
1991
34585
3229
33301
32908
24233
6603
28659
14934
19952
48719
36755
43792
27221
28161
17378
5395
49729
47184
30710
34893
33057
9824
25269
39976
14955
242
19044
26146
12374
1654
33877
37686
16063
3108
6949
38011
31378
38528
597
19619
30444
32382
6865
24906
19679
25341
34609
25992
8406
26451
41859
21601
47083
46902
34579
45793
17943
12116
2998
28613
49515
19407
18333
45606
31260
10044
35462
38518
36183
12713
11243
49212
40806
12893
5049
42450
4022
25413
9555
1998
30495
33043
28437
44848
42649
32109
9617
2163
29903
3440
7165
6486
40762
10698
43998
40574
35127
44290
17248
14382
8527
828
46139
44459
15107
40875
4778
52
15661
20514
17669
12172
30988
39011
27153
4540
33071
22037
35208
13473
25561
4352
41686
15598
25301
10199
38373
21631
19248
39489
33466
15462
38492
49499
9970
6312
6494
19674
17701
5751
47386
48210
49394
16341
3871
33515
11202
13983
45254
37090
15484
35957
42786
39683
4208
25460
30451
34760
35581
32952
39857
12803
10244
17791
11049
44497
10053
48134
19987
35790
44590
16746
14130
48855
42834
46276
3592
4894
45556
37255
46080
23381
14542
35591
22240
39749
37358
23072
34555
4078
19625
29682
39414
27488
489
34600
22278
32791
31549
46538
27473
19690
18946
29389
1463
17424
17842
1540
46448
11697
46095
29089
9955
18403
21174
47656
31276
23068
23536
31017
11464
23527
11462
19067
43571
17848
35632
40331
14617
21113
6897
34417
14946
12051
24135
46667
35684
35675
525
19149
2224
34633
24012
10538
31575
45701
12420
47261
35092
19900
41
17095
2096
45502
23623
4030
42266
41697
48429
21578
16560
18332
20048
3335
14091
48266
18993
33821
18665
39080
38555
46146
12637
19930
24355
12781
28103
42854
28400
37538
460
6638
30533
13743
48946
4409
4061
48337
47221
25393
48440
43575
3634
2701
48021
24745
11027
42337
43061
13122
3917
22866
12576
29392
25941
6729
16816
49369
8523
47711
19984
25026
44841
11134
1656
27135
19360
