31775
23862
14815
36785
133
23429
1705
41723
37887
36166
31467
14632
10550
30495
25817
21351
25727
48349
34971
19619
25591
34040
6494
45493
19900
37934
35457
39347
26975
19840
16674
41612
16807
28385
83
37327
1319
30449
11214
28826
38328
45699
17440
7604
9299
17146
46276
46990
2607
33939
22291
26256
24213
45895
20383
11148
17994
21245
34691
11833
10883
23219
38390
6589
43664
34796
20261
14091
36164
2224
20773
20195
43821
21435
44941
11201
16071
30738
47515
7301
6449
42934
41966
24535
4180
38373
46831
2436
8655
33026
17681
6638
30639
24216
49223
17476
22037
35282
1064
45823
36055
29682
5493
3392
43923
44031
27232
39896
29755
13331
900
11924
4330
49212
37122
15088
44638
48560
44097
363
47085
33760
40643
47386
22276
21113
22348
8485
5127
39140
33761
16083
39253
28595
26740
8527
45502
39480
19930
65
47958
1234
26858
10348
7039
19464
1275
17454
35624
12637
18931
23789
37149
7166
39622
27929
43631
26385
17616
20454
10128
26518
16871
32691
9155
19067
886
11047
36858
46698
22882
13045
23725
7939
3592
46399
45793
4748
1583
10256
5778
41921
4242
48683
17918
31650
22735
10063
42238
26332
2825
47013
44497
9686
1463
41910
45606
31062
12843
49305
34346
27636
24141
23645
21695
8223
11027
20692
40704
5518
43271
45069
35632
9548
10327
31549
9705
22994
34807
41697
35954
35599
39874
3084
36148
37702
29333
16327
16454
2701
13872
24122
48946
35857
5945
14034
3883
31355
28924
5881
10835
41518
8303
7247
48864
18349
9250
39004
48191
45575
10682
14627
40730
3076
6456
18575
8898
18923
4401
40608
716
34532
11918
28358
44900
10255
283
20113
35491
10259
4008
4409
40391
33651
39714
35340
46840
22838
8746
8402
24796
25341
32592
33907
43836
26302
39187
26502
14661
3433
13037
20546
37214
49343
21786
43294
15331
4256
27135
15157
5769
48685
14982
52
35462
36963
12576
31533
16409
49673
4894
4897
33174
11808
40451
37245
33043
14602
11497
31476
35042
29901
20644
10765
10196
37099
5683
15484
21107
19781
4437
39537
44727
3253
3229
13906
35790
35092
37046
6897
6686
35566
28547
9184
21954
30231
32437
31902
28437
16832
17266
25117
20905
48432
16181
3917
8367
37361
26476
19585
7954
24600
269
20818
33243
48280
14879
27657
10960
18894
24618
30043
10110
32085
45370
643
36935
12343
49916
36919
12893
26262
48484
6813
12458
2666
41078
14619
48492
7878
42299
45973
44675
2006
15032
43798
35820
15608
4957
11821
9812
36955
43651
36939
43165
1866
3659
5049
7179
7200
7860
4022
8406
515
21042
41
16771
8215
42954
32369
31380
45825
34893
22786
19100
6178
24149
45230
7522
12192
27454
40666
33505
19297
29390
48395
21474
9167
10760
11172
47605
41183
7533
14485
19922
27068
24380
316
20356
17281
30117
39407
41431
19674
30684
47321
38804
13629
12349
31698
11470
23353
45197
25280
49216
30887
1920
33224
30432
30321
7641
36265
46385
42790
16063
17355
6719
9058
12780
15911
38890
26296
41523
47286
22213
16925
21649
32011
35819
25906
5209
631
11248
19972
23672
12276
48412
28073
6312
13922
38395
5752
27979
13743
23068
14284
31576
27083
47750
9935
49394
46005
38718
17654
8643
29426
45055
20243
22169
42222
8656
32400
33198
19661
26435
42061
31960
3584
40928
3877
26451
43373
37840
1943
2980
23633
41610
19952
15102
5635
47055
19418
26951
21942
38897
41018
16143
1774
5154
42266
41926
33005
31378
20950
41879
29220
41859
38000
18917
31626
21862
10345
28272
1817
11985
8351
11622
12047
4551
36934
4061
25285
14542
6729
13910
32974
39857
31067
29741
35555
38388
21621
22969
21549
4570
48152
11079
23677
11100
29744
31207
39039
35501
21867
47904
47951
48855
23389
49055
23924
43998
28694
5742
13492
20340
49499
31923
13154
31998
47123
29704
25514
16643
25330
2567
8063
21535
9952
4778
24486
18078
39757
47389
17729
28449
13469
9375
14934
48316
10640
24735
17639
35718
27605
4812
29075
28941
30489
26289
48754
22299
7432
31236
40403
43827
23334
27499
33405
25026
42359
22965
37859
13705
30075
49383
23102
39949
34824
35862
46095
45331
13473
43226
38837
14955
16203
34388
1707
48665
21834
17943
47263
36024
15749
29552
17892
6603
34585
90
32877
2719
35276
4794
19191
16429
38528
9461
1846
5586
27153
31191
9089
38652
34723
173
49297
22763
45556
8645
9938
13928
49940
2444
23381
9016
10804
35439
49057
11479
8903
36807
23570
34596
3353
32908
40908
189
358
11243
6092
34330
31596
9235
1851
16745
20558
19131
44372
18838
28797
25136
37748
37538
17248
3358
15462
31112
34589
23634
460
23438
7463
26513
43494
16725
11462
20574
43796
16702
1693
7866
12143
30791
5440
3267
4644
25371
17039
37718
18098
5762
9789
35684
41822
43928
47656
45983
8301
48272
3749
47241
5838
18083
36030
3634
27144
13855
43224
22240
8457
12116
11406
27453
25941
7012
5158
38302
3279
17731
43657
41650
38761
6761
39545
49982
11579
22538
49515
17181
32192
7670
40912
47562
11131
44700
49644
4599
25017
13160
49847
20092
46154
15264
49766
35609
29089
33457
14364
6640
45167
9145
36600
22009
17424
13939
30788
14377
44802
32366
39996
3169
863
46564
41878
24012
37891
15375
6233
3782
13368
18432
32298
42979
49544
44831
30877
27395
34609
37006
25149
18639
22682
35027
24760
28853
16555
43210
13151
10199
45196
12063
39961
29588
48901
28993
2523
37902
21510
3600
9667
11700
44692
23507
22402
48149
17582
2679
24828
2096
44559
39222
36902
12617
25996
18609
12268
16560
35418
30255
35957
15355
27318
16212
23492
18537
18384
43376
6540
27729
25098
13506
5623
48571
24135
15107
47852
1998
28439
9963
11324
6304
16077
38772
46326
44553
48377
22352
42163
24822
12146
44475
11813
17842
28155
36199
46073
30772
49460
44848
16267
42258
10053
36771
18258
49742
36377
34805
19544
13514
38947
16389
22077
11987
18585
22535
16553
16594
11541
23999
7621
38011
25050
4417
13187
41681
10077
29903
35622
6601
38179
17701
42017
40011
44324
32299
36606
5546
43778
16803
17076
241
16996
14414
39273
15373
29911
39350
39452
41584
26788
42716
14806
40656
47833
43485
22925
35310
48266
23072
7871
11587
21588
30731
2145
32261
14875
46695
36172
8081
360
43607
17007
26004
6747
42834
42703
26293
39749
12457
39683
19537
26532
4472
23637
8180
41000
38567
3715
19149
48261
10132
26810
23564
9850
11464
28161
352
38717
46448
27960
45590
5077
20761
4032
20114
3907
43343
15759
14764
11697
13122
12475
22594
28045
19289
3975
19407
31921
13260
9422
46534
23687
27352
4847
47917
49300
40092
33071
31128
36967
23111
23934
965
22771
47261
2925
17368
42576
14946
40863
23312
23251
11437
16386
7761
23001
16341
33797
8734
21221
13083
17216
13740
5579
32594
39520
6927
3980
45929
15493
1400
12006
18939
11053
402
25460
43849
28400
13224
7074
832
39681
14695
48127
20843
42133
9693
36588
35223
49369
26531
29005
25947
30394
17702
8381
15180
16009
48254
33528
33440
42625
40158
39420
12374
6865
31575
20882
10090
40574
216
27712
2591
32652
14442
46015
40365
5981
9735
20999
44084
42854
4208
20792
47425
30128
41686
48141
42170
6938
20853
34417
29392
35336
43571
916
13136
9668
41139
38881
1338
16816
21819
2163
39118
45301
21578
66
14144
21656
43375
33234
38312
25168
5294
5330
26843
25269
47995
9312
44707
34900
28825
44590
23562
1854
3657
43289
16348
30762
14562
9939
26116
9887
11273
48719
35011
35506
49708
38381
5225
49259
46311
1630
3410
42109
34068
19044
13692
27221
32122
4424
19319
9983
2860
48976
11412
11600
20888
46139
36749
38790
41146
48324
44938
13958
34281
49921
40875
1541
43736
9595
40510
23451
10352
8615
18403
21174
26068
39488
31571
49858
42752
6784
4139
38217
47221
26146
26501
35823
27748
26369
30710
14353
46902
32069
22942
13690
25739
33057
17378
34579
28659
20099
9766
19168
37951
1540
24344
27838
41126
5247
8880
27635
43061
17966
41435
6908
47911
41826
11363
6739
2046
44545
32275
44370
40143
31031
12668
44886
11337
40026
1899
32075
3038
11408
29310
43862
47846
25207
10878
19710
16828
17095
44950
12657
18823
44501
1656
10897
18946
48232
38088
30272
10698
17669
5251
15819
9617
36491
1007
4515
26699
34071
23475
2894
40835
33645
17110
1654
11494
31434
32647
5580
9936
37796
1166
25840
48210
34555
18796
7151
5677
18837
41343
47331
41117
38649
22849
8523
38478
42212
27139
35213
32772
15598
24221
45686
25495
19625
2476
21033
15448
19987
12806
30533
13836
43154
43461
40976
26454
13210
37346
23568
49200
12327
39224
11762
10993
15367
18646
10678
16525
36301
31623
29494
40536
28620
43335
24090
32808
41525
48089
39737
32417
13403
25653
44058
439
336
38070
27856
4443
39495
16683
16792
40438
44083
25968
13814
12172
25318
33236
37148
28536
9520
10744
9466
40482
23840
41960
39588
32542
3139
46562
5684
333
30574
42247
49729
19568
35919
48099
27106
33643
19434
18076
35311
29110
12247
37053
36152
16201
632
15650
2381
36329
24745
33310
33839
49668
42067
22522
29788
46823
19984
39089
22053
46942
26674
23657
4184
8574
845
43792
39962
6322
33861
48134
43365
9516
28199
18665
40065
25321
36361
41821
31166
36254
38163
23694
38943
14130
1731
24839
157
31707
37310
46682
21601
30882
10144
18651
30451
47300
30392
47044
28786
9970
16721
9034
25662
35346
26570
20703
44505
31302
21403
314
45103
5718
4540
16590
38391
28766
3143
5395
41168
30183
34459
41051
29505
15309
31155
13821
19770
22361
22312
2165
28424
31230
24358
33301
3605
43948
11291
35153
43330
41654
19642
49302
46021
28162
46203
49698
13090
13133
6949
4669
46406
18333
4152
47083
34892
41301
3503
12803
17389
7165
35347
30366
12641
39121
3335
2972
9555
44489
1270
4423
18445
16495
41002
18360
10244
46955
44634
30841
47711
19690
39605
44434
13769
32791
15747
22432
30244
20173
24355
19295
21734
3829
24588
415
3842
36183
25170
30699
45785
20935
28560
43390
31017
38811
39080
29278
15224
29502
2596
13411
36293
13276
19828
25783
26601
21161
11276
47910
3887
46538
1939
8460
9896
10827
39894
46914
17450
6525
39067
1562
7485
33753
45021
3060
18667
48244
40331
9998
38408
26646
30310
48757
47342
45397
46907
16139
6367
33943
17742
18914
15349
30854
5147
21217
33877
8275
2359
44290
34804
28103
33313
14567
242
13983
21639
481
26291
23362
14423
20284
7968
16746
13107
15664
18102
5988
2611
29384
9921
21239
23231
20721
44666
14606
25301
33650
26152
4407
48189
16945
4590
47487
2587
25393
46865
3077
42644
36252
8983
41274
46719
38999
29796
10831
25629
15725
45174
5201
22657
20506
45679
44780
7441
13235
39220
37598
4782
41639
34128
6764
23910
8650
6854
46901
12939
27827
32679
4352
10544
33968
46026
38854
3241
26373
33177
20244
463
28157
15450
45466
29482
5626
42803
44720
27274
46259
48171
10728
34287
13873
45410
43630
19248
15144
30610
46287
44519
4793
11571
29784
22100
22812
32281
6288
46146
12483
35643
45701
48631
40347
17448
15661
23618
45682
3891
30368
13948
38693
38555
40555
30496
8564
38844
35502
9803
27931
22412
29389
47351
3061
2998
6142
26649
43985
43249
43600
29963
16377
37933
33227
29356
40105
32424
49403
32431
45813
41519
7582
22776
6645
4466
39490
47585
10855
27887
28613
26832
30423
41214
6049
46667
13640
37509
47272
26987
33534
15673
49844
13036
14407
2320
12781
37199
22093
39489
20048
32044
13450
46758
3999
13440
6943
2593
8587
2990
10278
14369
836
40695
8695
26413
23771
11046
26209
48440
6710
22885
3515
1304
25961
22074
43588
33466
2527
19545
8494
22410
34760
27175
24197
24134
6656
27124
30623
3053
38518
37686
48740
11049
14293
19227
49683
48429
4690
1230
42235
48454
27488
47177
17046
43372
42357
33515
42556
49307
31899
43777
25494
35591
40657
13614
16827
10385
31160
24235
44297
37358
15159
33143
37968
32818
44654
2811
8101
44769
8658
20671
29092
21292
30444
47301
30228
10290
32994
30645
9563
44533
5954
12420
22645
17187
30988
35675
44841
39544
12499
2971
17791
45163
5620
37601
42450
33821
5000
22005
28151
14291
5751
19005
40860
31531
41651
4078
5184
17751
13085
20514
30571
32783
9810
11359
15639
20530
28495
34825
26944
24087
41147
27190
992
10237
46130
35440
34600
13745
45034
34797
33490
41930
4030
23772
19854
8195
10612
2134
49248
25750
25939
45339
11202
23898
42289
2996
13592
35735
5227
47184
22318
39976
46025
49081
22781
46586
39820
27470
26218
37084
45483
27408
22256
42434
12022
9824
5392
12372
45254
6758
18909
17180
18598
29935
613
46561
37822
1975
16649
48337
39414
15700
12298
40244
42326
16791
34633
10538
11670
40352
44929
7794
9694
7504
9234
6116
3439
15827
23758
19360
28331
26216
17604
19181
38492
33237
34648
8875
25480
717
43575
13449
38393
1427
49227
38589
19679
43385
11134
39233
7487
40806
45107
20899
34327
28411
27879
5331
10319
45985
49362
20398
10044
9027
22307
38840
525
25447
47989
43552
17391
37083
41858
17848
44240
4988
24551
6489
6068
13088
3010
8332
46080
23527
23609
49330
8046
35710
3786
41490
4081
26671
19578
35023
9438
35208
23390
36143
13582
13760
25328
40223
17726
49468
30849
22278
43453
535
43171
35360
11797
33067
45583
27973
4345
47804
23515
6455
49182
21918
45565
7818
31276
25191
25816
27745
40157
2516
1580
34273
20471
27016
12382
37137
5195
12788
25992
828
18332
597
31038
3633
25561
39941
39801
2815
8624
31260
28068
43530
35235
46731
23313
15723
8924
25036
37672
23648
3440
45555
30153
16122
17949
4985
5306
19851
29256
42649
24906
20861
42229
26716
10893
40845
20493
5724
30708
27344
24530
41818
22983
31037
19791
25298
11255
1404
24661
8328
24426
38591
34204
28462
38406
1605
6486
30177
20370
25413
33523
6757
20842
5029
43098
30550
29504
18465
2797
35810
5065
36087
39011
14617
19901
1202
42832
13997
13471
20553
1327
4010
4915
6369
1493
24484
12601
35088
26859
35489
22866
18801
32515
32741
8765
19749
27962
17910
3049
31544
23747
6317
2170
15611
1821
9021
45991
39743
38817
44715
17921
47785
16717
20629
3108
2614
1991
43088
21631
22877
24758
2223
32109
7682
20260
42566
9603
18854
6954
37421
14676
42337
14382
3742
29360
1468
15811
41625
2946
7406
45784
45378
36755
30777
32382
19718
41118
40152
45449
45485
14520
18993
45395
19107
19641
42580
22070
38068
32952
25917
20940
21693
48021
44975
47546
23536
190
38829
32729
43634
2325
14851
3069
26728
10738
23073
3462
31149
37368
43523
195
34437
40749
3681
13027
5417
23070
42841
43243
7872
42786
11655
8921
35581
43093
48183
8190
9751
711
13017
1512
39824
23623
27678
3085
3868
23700
44459
40762
34754
49728
30978
48086
24233
33076
37090
19992
6025
48759
27188
20485
10429
26198
17089
43416
39294
31652
6365
28942
24675
26248
3871
46190
28169
475
6555
12609
14799
16093
43649
47438
41286
5942
19368
13002
11604
9244
36318
10863
2987
8809
9987
75
34766
29069
36863
21865
35127
2616
31703
45383
144
9955
9568
46794
11014
38365
44080
28546
33312
18285
40611
10271
43977
41365
44719
43509
25513
25852
29613
37255
12051
47692
24919
29585
40598
46622
30724
44225
19373
42705
12242
7651
1903
27473
43209
36331
21645
8676
36106
22220
15073
1340
948
19588
7425
27637
38493
700
8287
34442
20811
15415
48382
10082
489
38173
1279
46630
7349
19192
37935
16831
239
4998
32609
7913
30864
25310
1471
28806
8136
45769
47198
40269
27094
817
31317
46092
37295
12713
17954
48227
38279
40397
21103
