31381
2381
25885
10290
33485
6961
6583
42363
7818
29651
32741
40788
13276
48377
16453
49505
39474
422
18950
40856
659
27354
32814
46962
44594
49225
22385
48740
45555
45854
45700
3838
38686
8157
11742
3974
19434
40695
34708
28167
20200
5755
14812
30321
24486
16192
9548
17110
17654
38454
24484
30231
16026
22659
25858
30946
13617
23924
36186
48579
17703
9575
6003
32085
49402
12401
11395
38408
46657
37250
46918
41797
9061
34892
5316
28460
23429
43294
22126
40606
22997
371
25324
19702
36617
6111
8839
25662
4515
17966
8765
29356
122
32604
4267
24152
6004
20811
31380
16828
16780
21166
38887
30759
20516
5399
42708
41528
15159
19067
40183
38852
43668
39681
35896
36310
23840
20549
2171
27933
24459
42507
4851
13706
20501
47948
43319
40395
47127
39517
37935
9466
1562
33571
16358
37199
26353
4022
32143
17389
17936
10858
11640
45954
35459
47243
45994
24058
18625
37538
2046
45793
21361
16336
11774
26666
46329
48677
11396
12382
2481
24134
11134
6230
13173
48979
6541
43317
27363
26105
38193
32656
10188
47952
30254
39985
39709
5707
23854
2006
27431
41435
35639
20506
13933
1327
27334
30317
19043
22978
28204
10444
17745
30738
32650
43140
19541
31466
34609
19192
42308
13017
9817
42527
22900
12313
14853
21814
7965
42535
36786
43053
38622
7191
42601
30998
6399
48392
20886
18129
10503
6563
1897
18267
5549
47577
25221
32185
24177
32223
23637
42636
32215
26996
43237
8423
14547
25030
39080
8421
23350
13337
20842
14946
11214
20
19901
31207
41926
47324
15037
24020
17601
10566
46697
22410
4207
20813
27728
3712
46978
19070
13450
7233
28705
38798
19542
23790
27268
9393
20524
19639
19679
1944
36218
7435
4897
14344
25843
316
42098
45405
38511
22483
28376
42466
41063
23334
12817
49847
18076
15550
13906
23959
7887
29883
2189
12282
43895
47055
36048
4480
36377
24781
47479
44624
20185
22070
5288
6216
12063
31840
19014
38274
14890
2192
8921
46758
44936
26414
41731
162
24481
4090
19528
31454
38078
24298
236
7246
17372
21208
5411
13359
38272
44579
45402
29075
13261
20116
19065
1661
39817
27655
23215
25475
36620
3659
5523
21269
31087
3217
46563
26826
9040
40178
18613
13558
21239
36446
25700
35265
1717
14865
47045
16204
19475
19282
21796
11355
48315
28752
35047
15020
19013
46907
44829
19068
30600
24735
17089
31896
7787
27962
42386
17330
31414
24828
20086
2679
25150
10166
27379
37154
6025
41466
7822
38218
10592
17943
29734
48089
49526
8705
3498
18384
32844
363
29799
3799
632
23562
42880
37483
12780
8006
33109
32836
22202
42359
8700
18986
1378
11339
26289
44240
36144
6449
23866
30681
6241
5440
7989
20557
21717
46048
23991
23034
49682
5691
18932
8086
21475
49521
49638
1540
48495
4085
14183
27646
41227
48763
20744
35272
25976
18952
4793
39001
2715
22341
20861
22942
42354
5102
31062
23738
9759
23001
14496
27172
5586
45080
34437
1219
32157
39706
47283
20834
38375
34581
26959
8482
19907
1435
45218
24219
20053
31598
26513
31364
29759
20798
49982
35513
46494
8964
38770
9290
19100
2981
49620
26210
23700
13036
38518
25516
37174
28311
5109
46534
29899
10239
33463
27351
30897
8911
26376
1007
33653
13995
13486
48230
10550
45604
47980
33272
14377
29727
39378
21994
35560
22777
8781
21031
8825
35782
41481
31979
45999
30845
45670
22514
11699
39901
8189
31561
10194
6739
38943
34446
13137
5636
5714
745
36474
21150
48901
23177
43678
16540
43707
40912
48738
20548
34154
15769
24579
15753
15077
41623
49906
11156
49984
34070
11014
37139
17091
27896
39833
11148
21776
39646
14130
37245
41395
5154
26728
42786
25114
16553
26188
47959
12561
38861
39583
38750
35675
21795
47846
35741
49793
14708
11504
29340
48308
5778
26332
23477
43059
41277
38317
41915
2036
23661
19731
16555
7521
2553
37446
13187
20102
14595
28381
8830
44749
41823
17060
6497
23929
42393
15914
37200
10879
23320
13456
36839
41444
5227
45557
25020
2089
23119
19415
32972
5911
44727
23681
39099
5470
10287
35664
32902
41560
23072
32771
5669
43898
12710
2342
21033
18748
47615
29903
49544
3077
41588
14371
47520
17485
23941
25931
34064
36006
14396
9140
9808
39217
25478
49303
32791
6749
8757
28615
18409
33128
22037
33541
37084
25996
22435
41523
3358
14091
41768
46294
43194
24593
17076
5881
12649
11967
10753
20031
26073
606
30819
32318
31143
49520
6983
47768
2697
20648
1603
1276
39177
44975
27126
45400
13200
47025
5625
48029
16928
47913
18894
22977
42324
45230
30974
38491
38321
20261
25449
38829
33037
46185
14003
13853
27008
41286
16003
25013
10190
3640
43908
23469
9686
10744
19771
31379
9283
45553
29363
42314
16682
23336
23953
13227
42155
2326
34929
10416
16273
36651
33852
31638
29987
27276
3786
27635
37880
5294
45602
27102
1667
31171
1092
38291
36916
47439
11670
45567
22468
31236
8230
11853
880
35104
3158
42699
22963
9976
11769
36428
20618
20471
23875
47050
44904
12452
18371
21217
21200
25679
5743
43046
21566
10991
22710
31984
11408
4957
15346
15
34094
27106
41639
7904
32802
38022
37340
18144
8179
40306
9824
48460
32505
1994
29005
3002
27826
11807
26911
39004
28917
11854
44590
32547
16400
3531
18031
27230
39577
30128
34664
41010
43065
41317
4078
29420
34943
29441
12343
9643
22476
31066
26746
43323
32435
32077
5409
46015
36050
24302
26467
30664
20329
11696
38749
14935
14921
29781
49732
35555
40115
22979
30541
20459
47331
16142
20899
16085
26389
22352
746
6369
39949
46727
47356
4693
14743
29167
14304
7353
12290
28380
13727
22762
32634
3641
1998
13346
40244
8511
4812
5501
6520
21403
35351
28529
933
8340
25026
14724
39822
26382
30189
48179
12019
33597
47205
10678
43282
29741
14778
25593
25702
14968
17454
18414
11403
48113
30116
1514
25220
20330
10199
43928
45894
3330
23
22570
3093
38145
45445
5097
1013
17972
17581
28241
45195
31509
5251
6969
27777
5371
13783
48678
40835
26503
3433
45027
5317
37630
41525
40666
31640
41477
25393
44623
498
4983
36749
28459
135
13427
27475
31993
2619
20394
9620
31553
34188
22807
8732
43081
46179
46110
19893
46130
3912
34029
37608
9563
29357
7821
23977
24359
6769
25019
40462
10032
4096
20419
24316
41258
2765
31250
22908
39885
13743
28389
25099
32514
19953
15798
2183
26167
25229
6818
6153
46287
21867
49698
48190
44740
10987
22220
44453
5454
20853
31318
26024
18147
46573
4124
17969
18946
30427
39909
34307
17262
32966
28162
12721
10600
13781
4101
37611
19185
33647
4724
48631
38591
12298
39164
8983
37968
21458
2657
32715
2251
2496
16817
6091
30879
19064
11228
42175
12408
16438
14758
3780
8696
1024
34555
31875
13484
44600
18944
803
34971
17921
15964
5320
27007
34068
34900
29370
37933
40006
28507
41612
46585
15340
23531
44455
42165
28688
36908
18063
22871
47190
352
4061
511
12193
38828
7878
46760
32186
3478
28462
41854
10015
14637
6627
45875
24206
28514
40145
22877
48923
38449
18501
2993
48037
22310
44786
21295
34596
7487
8681
45300
1846
16016
25278
4446
17960
22609
16642
2789
38718
24237
44916
2091
36024
49363
40720
45456
43247
494
18717
26697
20882
42765
11426
1204
18677
39254
30127
14524
10000
47871
38401
16446
14047
39493
7006
39565
40546
49123
37873
17030
29250
43082
1064
19499
22026
17802
47192
49222
36905
20326
36027
45047
3353
23666
47631
18924
5663
26643
44071
48963
37978
20015
5981
48502
35609
493
49403
27242
37692
27072
16181
11638
3968
38737
17272
41235
9448
16738
47729
43054
48178
47300
46893
19373
44160
35000
15043
36638
43154
42673
43728
29616
39717
44545
11987
13773
1834
9816
36618
15664
46865
45210
41674
36196
10077
32366
35489
34864
41672
6325
39529
47351
13290
26891
1535
45054
26818
47994
446
2538
31534
17131
15136
25095
37134
5592
32921
27091
25424
36738
10993
2138
31698
8485
12637
16137
48432
25298
16237
29796
4466
1746
32226
46393
47376
10627
16053
4284
17348
36206
3335
31972
3756
1427
25297
19848
37322
33278
41590
48256
19985
21128
35761
781
27841
23341
36301
11530
14157
711
1555
44610
17741
12617
22552
8136
28461
22812
15064
6669
26788
28924
21585
22431
36539
36403
29787
15676
42508
41602
24902
42657
45194
30752
5192
22117
9299
15262
4985
37288
48780
17786
8437
43948
27153
49302
20209
38818
28540
35383
29588
38084
15889
44083
47930
22657
30834
39223
49202
27151
23073
44728
12828
43634
15462
8384
7637
37564
23997
11985
46399
17117
16104
7008
37738
45034
7780
35581
48651
27947
30034
46977
23457
40880
22094
32181
46239
27791
2722
42567
10019
16235
43930
14409
26851
12374
8372
21800
47013
39820
3448
40875
17909
43527
24672
5181
47221
24408
47910
17702
25206
13064
14526
47811
20908
34337
22417
49297
19630
22172
6525
21791
13240
290
39660
39480
21374
6469
8866
35440
46406
38231
35885
21705
49088
21635
25716
32846
11076
42803
9428
48563
18808
40421
25690
47535
2669
30842
23553
5051
29855
31228
8303
17729
36169
43451
46587
39777
10079
43667
27715
24421
30925
41875
38493
20584
24311
45645
4595
15984
1443
30518
21107
40456
28806
14423
19189
36227
8265
40624
43839
396
29348
4641
42815
11931
14320
11250
24761
2610
43452
12276
17918
6549
19275
37948
12074
1329
21308
32331
16023
16296
41960
23934
9148
29589
1411
14457
17088
12210
19035
46152
29230
19044
2591
133
4590
40425
30606
48986
36934
8784
42705
42534
49560
34853
4139
29770
8101
44208
52
14672
349
27704
14481
39573
21484
26140
970
22378
24763
5505
2797
24231
35864
21788
15749
4021
34122
40397
40648
37590
27712
39452
36921
23687
41438
269
31130
11679
4159
33022
12776
9306
17616
2724
15808
19021
21417
16268
20260
5356
25543
10456
31269
36317
11528
46831
29494
28435
27193
18509
2257
12437
5059
5942
17180
11651
18676
21262
13929
20995
5220
19933
1359
26649
37902
7707
25341
37040
26904
12415
2825
16434
36063
25317
29996
12000
38772
18825
17731
3104
32248
22882
31603
18573
2593
35175
32443
21910
22849
298
45095
20173
10849
39653
17864
14137
48021
19976
38641
37004
34849
2614
29998
36887
39526
30428
926
43672
36520
6854
4471
11710
265
13862
29265
29330
5930
13201
5445
15087
9518
24933
7515
38432
33456
31126
30543
22318
21945
25413
16623
46647
8214
5988
49307
31867
24575
13529
36207
34368
39973
6764
35382
47242
10831
44005
10226
8457
20222
33455
14857
22529
35624
42934
45374
44105
32994
32629
46791
25553
14024
3161
41118
25165
12349
33842
12226
20723
15663
1712
3370
23313
11816
44266
13149
29698
47182
43036
28589
8517
18828
11762
1774
9734
36816
14465
27929
24551
31707
43744
46912
40281
10620
29865
47381
4406
37859
48756
46695
26100
4299
11053
7106
47618
3427
16843
20305
38176
20792
40794
15210
16550
13635
34484
5071
12927
4252
38585
13524
26483
40895
19130
25017
49697
32148
5804
28347
27603
20996
4888
548
46290
19418
30218
4437
28923
14367
2170
18630
24893
15842
47505
26964
36106
15904
37228
43289
21591
31276
5254
40665
31122
33491
21464
49178
5718
20009
13690
39095
19577
14636
44685
26451
20398
47960
26404
10386
43347
2410
11090
24250
288
41406
10008
23931
29337
8919
11920
36859
8630
40669
29935
10783
20644
15761
23996
16615
28720
9712
49705
26684
47031
9997
24692
41119
7624
44981
17007
32729
46387
5029
48467
23065
7600
46485
4647
800
10908
227
28785
38250
40893
21649
39325
1423
10168
832
44553
30474
31456
23390
10663
30400
35303
22838
42448
38060
7176
21549
5395
12622
11448
340
22781
11300
18207
17913
38059
12303
44854
37674
46469
14737
37775
19588
23932
21221
46114
15736
37006
41375
34212
47938
696
33189
16327
18199
11531
17050
37412
5318
8685
17413
24373
8048
35872
39093
30029
17897
34607
3998
2544
7603
24273
38088
19665
37905
40795
21597
48581
12110
36407
11929
27450
24209
42826
34334
40675
49511
36330
9134
38627
37600
29694
49026
38355
27817
4091
6511
11892
432
9812
33878
8775
11100
12358
47380
46899
20814
27795
39953
4789
1875
38089
39998
49434
2124
29117
42481
45337
27989
24367
36132
15867
17162
1101
9092
8398
9617
46146
49310
11511
15804
34797
1503
47314
10650
7856
34579
3580
45986
12123
28647
30228
26885
47874
38693
6252
18053
19464
15630
44382
10044
45867
23012
24208
14485
46777
36667
7939
11671
33968
40730
41966
591
25192
7867
23068
15107
39412
44061
18035
26832
44529
46298
45023
44436
34402
47701
34192
17735
11353
4550
32071
19379
39370
15319
49693
10224
25892
7795
47989
8296
38117
39380
46507
23745
18727
23596
21693
33887
11806
25076
44318
44204
42254
35026
29668
40396
30931
49829
45597
33316
39984
37930
362
38279
20927
26183
4673
45229
46750
2894
11771
40749
9202
13631
24282
21042
1242
38835
39277
21748
17138
18426
28221
2504
32621
32952
9502
13478
1943
40777
44101
23512
45147
38497
18544
23799
38462
35755
6439
14068
46734
392
47155
45583
48932
10725
45339
33774
32044
38758
6784
32647
19171
23566
45751
16507
8644
10670
21749
32109
14948
22115
46026
42107
45590
31893
12119
27134
9857
27797
16914
46814
24370
36524
23114
7407
40885
13517
5323
11468
15134
48516
13165
41703
43102
25357
4894
9800
28918
35139
17079
31093
31953
19390
44634
3550
13970
17295
13151
28623
18539
11773
31556
29191
10429
11243
8573
42141
16177
4448
45541
42748
42736
36290
44559
49980
27332
16901
3328
14519
43464
42320
26859
13697
42145
31200
18358
10219
23781
4620
34957
5480
22240
16537
42017
6068
26518
25592
33206
44389
40818
16582
11438
40011
22938
48940
10216
40317
46465
42450
31868
7018
25050
6141
48006
14328
47177
9373
45565
11937
30406
31760
10165
47478
22961
39167
48128
27903
10929
41878
11536
1659
23412
45993
18600
12205
26947
8247
48685
47390
18719
39743
30350
4828
10295
2698
30841
35617
28847
16647
41651
17587
28012
30533
15119
36448
32437
4713
15235
42157
5388
24355
7022
34549
25565
16683
43743
33943
16341
6884
29839
40876
21399
6047
8894
8000
22011
15409
15157
18598
23435
32363
22412
38312
32632
40039
47069
41492
38304
39496
44823
40507
24334
46173
14376
2663
33216
6692
24649
45163
45689
31831
34782
19746
24163
19149
38313
21537
10167
47425
1444
36414
10033
13745
14203
36436
9351
22793
1032
28220
19054
20011
25176
27546
3857
14537
46479
16737
42895
4597
46194
23644
36382
25536
31472
43735
35809
43785
6551
20690
40339
16409
9798
20074
23662
46142
18057
24528
320
31853
38636
14864
28464
2320
46224
49007
36179
33129
8746
30112
43798
44182
40976
42570
5908
26977
44720
32257
49439
15185
19932
39714
32416
27969
7695
34398
2423
19587
19374
19295
19036
20095
24758
10314
27124
12764
29502
22884
22995
23524
43344
29360
16951
44211
21827
41024
22958
24256
36171
10782
19620
48244
30993
37402
30791
49038
25645
36528
30035
43453
38051
33169
40830
38994
40207
1439
26413
18914
36679
45055
37822
17842
4443
25766
31462
11622
28620
30434
35085
41757
23609
3215
4540
31696
29580
17458
39581
7988
12150
6050
26029
10914
49922
20586
25047
30722
30985
31341
17870
3392
3195
31252
3700
25648
24242
32003
29963
19231
2844
8438
7503
336
13973
866
11906
13386
18551
31542
45012
22593
18011
27380
49308
37274
22072
14290
6976
35724
30436
4570
38124
47434
38858
35735
7781
41004
167
15205
29561
6483
36141
45037
42265
19810
21950
4170
3859
45600
9005
31120
15335
21447
36311
44752
30514
20220
19672
41287
26592
957
45742
39430
22930
7737
1541
39563
29957
24919
7228
11789
402
1656
5103
14314
33441
38947
41053
12906
28281
25187
30838
26496
39725
40232
45730
8618
46794
127
41343
35305
46616
46759
37105
35827
30659
8180
32591
25576
27317
5175
8460
40781
3160
31505
333
8381
34883
5451
29539
9347
33240
47695
19545
34258
3069
12410
6275
33898
3176
5529
21185
16685
35706
47126
5155
36396
39227
30818
39647
29577
35360
36755
19478
33743
7590
9689
5319
38179
30117
18593
26636
32652
8889
44774
2315
36967
5600
3038
6624
20779
18646
17516
14907
41181
20677
25057
43365
41168
8323
44848
35439
11610
31240
39037
43659
37107
23696
20613
39916
39651
716
20110
42441
4895
36252
20856
20340
10563
28457
11515
10598
13884
49060
4614
47272
48081
21681
36477
7464
15931
34643
44232
38897
30616
9395
46690
2368
23760
11412
40844
33136
39899
30253
32915
19801
27856
16105
29144
8706
49468
28611
14567
27586
19168
11021
2945
39499
41898
49819
34433
31067
47373
30967
8259
25661
6494
33225
21541
14969
47286
17039
25023
36624
40259
41029
21153
35501
49642
21303
11016
43523
5032
10106
39941
13982
27312
41575
46253
46384
39011
1192
46058
43725
49835
16357
22658
15770
24943
602
20324
45795
13712
34424
43494
6954
9844
13368
35623
9763
26198
5328
35655
48359
30707
30266
28876
13101
45494
9
43143
22025
34691
2388
3108
13944
48355
12107
17286
1804
44353
28854
24262
47247
46106
21535
47251
13091
38797
29390
9603
29757
13175
31225
41857
23225
29925
10781
41461
6051
18870
21783
17681
47610
30068
14306
26344
12172
43202
22074
46460
28079
21271
31285
8729
15196
49471
12532
21834
25558
36147
25472
12968
6811
29475
13076
45248
41814
44853
21387
18464
2246
34357
44225
8138
26054
1812
3803
46739
25011
33805
4686
16925
18837
41000
28708
28191
43448
23312
44175
16725
28518
21433
25004
27039
38925
13452
11173
45389
30140
34811
27455
3401
6185
22682
22636
10264
36837
3440
12192
24624
6757
1114
39070
23782
2444
16610
39561
8213
49871
19145
32815
3284
2463
45544
24149
10749
16832
13210
6607
16996
26967
18205
13146
19974
30632
37795
35709
17630
18905
17881
44940
24106
15679
10112
19884
46889
32289
46663
45415
28921
25255
48124
49504
3181
13403
25256
27960
8649
40024
5053
48881
30047
47227
28654
15459
37712
4152
10653
40438
19537
47845
20673
39261
8007
35276
20783
30064
15793
27454
44459
2028
18585
43618
20781
36910
13840
17790
14980
39369
33076
47342
6387
35484
43607
30318
31173
47170
39140
10774
25901
42759
14386
37649
9954
44067
25107
14927
28219
1508
9936
25484
14745
8150
47148
13909
27846
6330
30055
14617
19557
34686
7805
40929
5341
37346
40779
42701
35124
21545
38877
49619
3901
30036
7860
39033
33641
32955
45784
49479
17594
4452
10823
7608
7580
2701
33709
41108
14669
48316
42979
47958
20272
1761
35418
45876
2002
18258
41283
25174
19388
27023
28549
44351
14619
27809
44167
20581
18166
9905
48925
29030
18040
37090
13492
34760
15755
9987
4729
46985
33287
25485
42613
43621
41397
43766
1544
47904
7481
25630
27344
30413
23584
37509
47812
34967
41077
21621
39741
36906
14405
37702
21431
24906
22237
30545
31115
38395
23234
46317
32500
15088
14227
1631
30571
23165
29309
48408
19591
36867
18465
42299
23226
4949
7957
36068
14876
45370
8748
47802
6864
2127
26129
41001
11366
514
4533
40451
37833
39266
10355
947
31909
18575
39039
18180
36075
49460
21884
7370
44202
29758
30463
1422
3060
45556
1590
42902
30367
49271
18851
4315
30124
28547
6292
6522
49645
13392
5606
35167
27649
35591
11526
33012
23725
39988
19781
41173
1920
16201
38289
14210
27492
10758
42530
44532
9244
304
46211
35328
35952
31594
25865
7582
10384
28433
44769
32808
5521
36441
12869
20280
22866
4887
15811
5247
28994
40055
11977
41654
23049
12594
853
33202
33243
49300
40839
43538
49546
43133
1624
17964
3592
10523
46592
43274
31188
44630
5870
21954
39796
894
3159
12338
2579
6328
1331
7406
15353
41836
31623
15730
4537
7019
36613
15683
40700
10272
46866
40092
17068
13728
4023
24697
22763
35441
23564
27144
2428
22768
20171
5927
32818
18491
15128
36148
21958
24142
15364
22348
13107
916
29918
30849
34354
27015
37214
15674
43760
41571
11272
45626
6650
10797
20174
45466
49423
48298
9223
22479
39749
46848
42648
20687
22917
44029
19854
17603
39044
28746
30581
16431
44409
4481
14748
37801
47863
1269
30507
44953
35425
31213
41058
24052
42245
47594
39362
20268
4994
7920
44497
18269
43964
45735
48629
22368
42272
38374
11489
24403
47926
4189
24650
49219
24950
49096
2163
13118
9144
16898
41700
40608
3279
44775
39350
45283
9341
45076
25479
9951
23008
16876
46453
28375
11577
24951
43177
36732
29634
40106
7522
35120
48784
48361
34963
11111
31136
6706
29423
42700
49935
42270
28886
9820
1113
9167
2043
13122
39251
20449
27743
15302
48860
175
7642
15825
28903
15977
21736
10614
44383
29270
17994
16084
9866
23691
45219
10544
41431
44333
24645
25561
46203
31773
48665
15824
535
10293
9438
5092
39605
8456
8521
40063
16754
42775
24487
33523
16476
16
45198
41139
14369
42487
18977
33540
29150
35363
19018
39801
37989
31977
40805
44574
47387
40240
22034
5392
16515
16284
44504
34346
755
47413
12664
13582
36925
49527
5987
4719
6501
8267
40048
31679
42357
26817
12499
14769
49275
39591
37056
21242
23075
11879
36939
29729
6760
33753
25119
39060
26858
2168
49777
39097
10197
19466
45769
47140
32772
37233
44886
45380
12106
21134
23832
29152
43741
32792
46471
41254
18304
17840
6049
29281
20753
9744
13723
43226
37260
12750
27159
35053
35688
29678
2521
48864
17476
15553
16560
1536
25467
21095
9931
37548
6482
18460
41488
28501
42861
32754
36337
16907
31998
28841
38406
10714
19488
31297
972
23983
21177
49525
17912
23251
32570
29349
22353
38838
39894
29299
19791
13143
43834
41744
24216
1409
3458
49078
41244
12726
489
34772
3277
32842
19992
24398
27852
11049
4313
45579
35704
48116
32594
32537
18890
9191
9938
20947
49831
14250
11117
15240
35711
23590
7905
2975
35935
6368
30695
5724
30516
49029
26152
2554
6944
11571
20728
47010
37318
26993
42520
34318
3907
30742
18265
22518
26579
41611
6005
35598
5977
9789
15001
17892
46092
41810
29498
22066
17836
29801
25285
17496
9595
13997
29482
43395
14851
6288
42781
41812
15707
23302
41508
10985
21906
15672
2911
6567
11172
32576
42360
49895
9142
15772
839
8166
36452
18070
23758
45425
24870
25657
32896
31750
33620
4194
35263
1319
14144
46731
26018
41336
18744
9621
48150
30399
26206
33465
24733
5635
49655
36219
28596
49474
20983
22675
5853
19900
19133
44556
19663
1899
32486
19707
7724
17047
31533
44599
13087
119
1851
36963
5417
36306
21882
42841
35323
12465
16919
31711
49940
2095
10017
18817
18083
17187
17633
45980
37347
26076
5363
28415
14116
14123
42267
36845
31405
15312
44106
33527
14854
26943
13803
16525
10256
3633
17674
19653
32023
13678
26719
28196
29488
717
33729
21307
32298
3280
12325
20344
32735
17791
14269
22376
31544
33493
4931
5147
25723
30316
44941
5611
37251
3381
11808
24875
17883
6651
45116
8215
16009
44097
49111
16063
40245
15391
1181
13085
14310
9113
43828
39994
28914
30574
700
5612
43087
25105
16976
18939
25261
29236
2607
32513
18176
28430
20362
44883
14574
31313
19616
16297
3015
34705
31783
15723
165
34767
29407
45796
23207
42163
12158
18033
17281
31923
9294
29388
37960
1480
9183
29256
1234
1580
5535
31495
13352
48663
47975
14080
34601
25643
15411
15498
40994
20858
6540
8448
27267
18753
13235
3899
33534
7408
32245
5277
19808
29653
35996
36084
10821
12389
31762
23002
17452
35011
41984
6462
39697
37142
23930
31608
948
44075
28568
273
19144
24498
24344
17027
3842
9083
45493
27388
48870
46992
3600
43411
26478
525
22312
12223
13896
39659
12737
31676
25629
30513
11152
36582
24530
16702
5626
21892
15102
6334
41826
5603
3230
49450
29107
15183
11851
36627
2987
13407
30550
23671
38613
25917
31140
19131
45404
27563
5016
19546
40297
32275
20044
22969
11626
39719
33648
41020
13592
6151
25713
29197
25961
23098
38719
44617
40181
30990
10403
13133
42255
25390
11547
43107
28896
12539
49482
23219
45178
23197
8836
41802
10607
2699
43093
151
15797
6737
18875
32415
33624
28522
48531
15554
20304
27814
15996
37358
40784
47083
14370
36836
12713
49577
33964
31362
32119
16133
38387
15911
26291
38390
793
38327
3345
29128
20257
10640
33646
44519
444
10405
18402
14819
19214
36746
24295
43530
32419
45527
28284
23886
28212
166
22459
27959
9414
29435
37369
39331
5244
22323
16404
8549
14975
12728
27786
9862
1611
21087
40243
29204
38301
27711
32261
46540
42069
36058
13634
37271
38991
38956
13846
19181
4431
32530
41130
1340
30866
9875
16551
13950
12597
38476
18867
35337
19122
16398
25164
27746
10518
17209
13180
40571
11455
4884
45299
14668
6199
25906
35310
43801
41043
34084
46282
5615
6448
19980
19750
4180
28736
45103
20785
11158
365
13260
46825
14713
14807
1483
28524
1033
9209
6077
8854
13729
41150
15314
43089
5349
34532
40288
24764
38465
4966
30392
49143
36965
31677
13037
49780
22447
15759
48122
22698
2523
31086
10705
32922
46939
36606
5769
25280
9155
12711
36318
45213
2620
6792
12851
43603
17572
8478
12116
27930
10975
40505
33237
49421
41027
17930
21898
47804
17058
26745
24796
29192
16807
48714
21538
22856
36049
10682
22757
22472
41465
21110
49260
42574
10711
37442
25618
28155
14681
41152
22542
45538
42108
33020
48186
15838
9751
17161
11883
311
6201
16323
15224
26698
3316
15443
45771
47052
40319
43343
38348
360
28214
46678
41671
18715
23710
31117
36103
31328
1318
20979
27094
34143
8290
43165
33350
23381
18479
36851
45949
44147
11475
30737
20104
44505
43208
25717
32111
32308
43865
45233
36398
3638
29647
13614
38865
8293
14185
20239
5762
8087
19254
39921
24223
43372
8031
29795
39488
41683
3569
1298
36982
45100
26742
36203
31255
15114
31365
25966
2790
26008
32410
25494
4988
4868
17789
18392
27944
48218
7670
34339
5539
27226
16018
19326
28511
2239
14439
23515
11877
29426
37970
38817
11444
767
46005
29775
21684
36774
20370
9255
40860
49649
26506
34551
35819
26732
49814
29358
28068
3720
25727
29203
33939
49330
4008
2321
47085
7463
23887
31889
47139
13643
43375
25912
6459
6943
18452
46594
24567
17720
478
49916
2292
11698
7671
27612
49503
6378
42470
36599
37265
44717
14117
1684
15230
22594
26236
3152
34842
45941
20286
27275
36157
19930
559
29794
4669
38391
21000
48660
48362
10248
27266
6557
33550
1320
19029
47716
39572
7119
13411
32659
16338
33365
16673
9003
13716
9053
20518
40565
4573
43061
43820
12873
36832
6638
35676
1817
47563
1939
42744
34804
18468
45823
15349
30960
20191
48412
31370
26106
26652
31636
11360
17896
14486
31596
6322
21260
6489
34006
34723
43819
27057
10163
42941
48537
4038
4202
9566
8020
23362
6507
33252
29415
7775
34134
32601
33838
14368
6652
23074
11587
33005
28358
48494
8656
15005
4323
39322
15598
24563
31649
10120
2848
17323
14052
398
30610
31059
42093
27073
21782
31418
25318
14691
28495
37255
10353
22625
10760
4427
44874
19955
7632
7667
29876
2123
7790
34401
19905
24952
14979
43802
7461
14542
27973
10741
42834
19241
7850
23823
37469
44603
30694
41541
21415
29557
29083
47588
48100
43373
6988
5124
10139
40304
41002
15536
13449
42869
35162
31645
44379
13506
47487
17461
9693
283
24269
38880
5331
10842
17610
20243
11363
10232
48754
9385
37055
29909
27493
12542
29960
32490
48304
5036
42050
29566
1975
8063
19107
30033
11561
8252
45140
2705
31043
23607
34548
7901
38393
6253
876
34111
43778
21435
47911
15722
25149
8859
24745
10278
34273
45378
20270
7832
35595
33761
42663
22291
39824
47552
12891
25579
20669
8405
37850
16717
22944
21962
45497
35429
4242
40482
47609
17585
46237
23822
48471
27887
42681
38881
39235
26162
21523
1085
12707
21524
24690
25371
28777
4486
48227
47834
36166
30490
42891
7890
3835
44220
43007
28285
18724
8655
36538
34754
18854
19289
24960
40151
15331
13300
5465
42584
21501
38474
38811
5588
11008
5602
25653
30200
12885
44955
19161
40886
4409
9978
43578
9984
39545
26107
36865
20114
11479
20704
1512
29511
8223
23527
8990
48210
48872
48225
26700
11804
47124
38163
42089
46711
45943
41487
48608
42334
7321
6346
26713
30255
21734
49248
27534
19958
37328
22225
34946
22464
41860
31314
17011
173
48086
3530
24842
46943
11925
35574
17081
24148
21588
42232
33071
32190
41046
12105
24323
25998
26873
19919
29901
30178
13695
40352
25319
44189
6332
8564
29112
36838
15274
7397
31230
40949
31434
130
29035
29018
49262
9219
19193
17827
43860
35998
14558
46719
7501
33130
42337
46512
13903
10460
41131
5290
43385
11311
25855
32977
1821
19321
22965
20773
12239
3715
39622
16012
5283
29326
4339
36090
19952
44371
46385
28832
10062
27221
28833
9127
26662
40118
39598
47515
32956
8046
46025
11052
24622
20454
41982
10708
49966
18478
19726
45104
30687
3235
15124
3908
12080
7810
42526
28813
100
7584
2233
21700
7919
35403
36152
34588
43995
26716
35919
42886
8661
42576
34859
18797
17445
13606
7421
34026
15178
2656
31445
29888
39179
5491
18793
39043
24029
9627
30449
34888
13640
5623
13854
26789
44359
47638
34292
30573
42644
37397
17579
25582
17999
42238
37598
39091
48297
36956
18682
4208
44831
8077
37800
321
26523
1037
44489
28042
28169
30225
30489
28912
35260
35526
38002
8124
40714
12237
1529
35718
29367
19642
4690
10196
10449
20535
3136
21286
11541
31891
14089
42499
23694
31168
44213
32491
405
49145
47833
45661
8684
36757
39200
30563
47020
18432
3880
35246
19734
30177
39414
10612
28974
8336
3631
12047
33265
46607
35081
22077
25321
14814
47720
12377
23772
40233
43439
23437
22925
2683
4758
49881
33004
35415
16386
45608
36019
10327
11542
32026
8380
16759
5582
34631
46420
47783
16965
36096
36937
262
16324
31650
47338
19671
25428
11006
20099
19677
6055
28030
42972
6265
20290
20642
36948
44651
16608
17528
29468
23568
27864
22450
44031
34753
28266
4778
18840
24234
24677
2884
23503
24004
10002
26951
21887
36293
7794
33440
23987
26954
25812
5367
2531
32211
39911
25816
40510
46053
19394
40408
31282
513
27733
23206
44591
31031
12213
40863
40277
24197
24556
13090
29011
20998
29789
30026
36858
44297
21290
19903
36521
29103
48744
26144
13928
43207
46109
45352
15907
28411
960
26498
19922
44746
41995
479
12893
27521
37219
18421
45117
35528
39118
30241
1471
48168
42950
11203
140
10788
22256
40065
26671
19325
3738
30807
10366
7392
35306
19631
23407
37370
3191
44781
24084
32163
22149
48183
46630
35775
41149
35042
37852
39896
17835
12414
29806
24103
43765
9389
27470
3537
30846
18103
26058
7021
8692
5313
15328
41333
36153
26422
1047
43832
5895
18361
24235
44084
33003
14764
38136
35282
23898
4018
39419
35253
8590
7871
26264
5667
40105
35997
48301
38300
39776
45991
46083
33323
10864
35103
9694
37891
46840
6877
37092
12601
44871
23677
46249
10855
40239
836
37506
20818
45256
15673
20383
1526
47466
40555
40038
48810
2211
35293
6921
48885
34314
48184
38478
8969
40907
38837
49675
18651
38832
13171
35013
34805
45442
48475
36298
20932
5811
9018
19649
41365
14225
41851
26840
30843
23211
40158
34611
519
12778
992
25447
35220
15809
29639
22049
31960
38221
25029
22319
31504
24635
20725
625
29805
42504
43576
43624
1551
32042
1414
30101
24675
48464
3891
17586
24173
14173
15215
12323
35241
27760
39206
43455
28424
15179
35714
47943
2849
20888
46496
40398
24656
325
8084
9845
23471
38598
15264
19143
4984
39127
34150
24889
28548
28546
2389
14606
14934
41418
17843
43631
19788
8604
5068
31372
31703
35811
23645
40820
30733
17716
17208
6656
47281
31830
29823
20923
39471
39318
4998
14982
5704
29401
16803
22717
29704
27209
32466
33797
14251
2099
14618
13285
35313
29683
10018
25432
14954
33559
5752
24877
21594
44817
13320
35148
39222
22399
5306
40537
2582
6269
35348
14887
33960
33517
42715
31585
17216
48127
33760
47602
14034
8985
21786
21469
37868
42208
14143
26517
25584
49443
19597
49174
9998
29692
17830
49359
10829
46491
16488
39797
48595
28694
7839
49616
25136
40609
22674
45601
40598
37319
29725
30692
30786
8886
19965
30566
44655
8367
27434
34100
13106
32859
14955
16633
44832
7552
48254
12521
2510
4231
38112
43682
25658
18403
38559
26944
18823
9489
6603
4878
39996
24407
8239
863
157
8523
12327
39616
37179
24450
44511
28135
23501
6962
34281
400
1589
23785
21765
25015
21839
7444
22535
38057
10608
32512
24338
32019
30423
26137
28527
6365
20027
35157
33164
34688
31736
25330
47679
10776
4752
6813
30582
10121
47683
35346
26469
14753
22374
14321
28292
26913
1605
4594
21301
1353
11655
10973
48364
34370
1187
14473
24271
26385
6142
37900
27697
1533
1476
39950
23679
42361
32193
7606
46654
33815
41389
19319
44230
553
1565
1705
22432
49932
4496
7472
40961
46538
34632
34756
13069
2096
29690
34763
4940
5765
11367
10584
29974
4794
1961
10026
32679
42192
34952
10839
39067
31039
17195
28213
46141
30077
40310
12623
20770
6054
42139
19211
33510
40046
16788
2896
44480
6777
24867
21080
11500
26488
6166
106
47537
5834
49441
20859
29625
15265
14339
29365
18332
5314
665
31317
49598
46311
34725
42548
22276
42297
8792
26071
36803
15180
41730
18078
32240
28397
42790
27976
39237
40495
18711
32387
30207
42404
11600
41491
16487
23879
14065
47562
7489
45175
45673
45919
47995
4850
45688
32086
32721
1044
4779
10348
35797
19085
15711
38731
28339
8612
10919
29950
19972
43748
8744
41379
17134
39658
36595
31103
48189
17331
46021
4162
19011
16784
33170
16908
27506
2200
17164
12477
23138
8936
18494
3253
23081
20049
27934
37041
44450
26797
46615
38717
37010
6109
42865
31355
38126
49332
28892
49039
5493
40119
48200
18073
22756
38710
23925
3008
36030
2567
43736
42553
41947
3410
15641
30777
19207
13709
41217
13700
11088
39799
42432
4865
47123
33895
20337
9396
46990
38682
21117
19568
3511
43131
24050
32082
32224
1163
46901
33854
8579
10739
4776
20782
6897
6949
28357
40869
20427
14602
3094
41413
16212
45707
1289
23448
33489
17489
1993
8533
10902
30386
6719
1687
24618
28019
46308
46205
39816
34331
40359
4423
24315
33329
36959
39142
21601
4126
15030
42475
24244
44593
15290
31719
6550
34975
22949
7401
5218
2039
14661
1166
1463
6226
26628
10903
33198
18586
22169
47334
17977
49419
30074
48327
16071
2719
41148
36199
27432
39332
29937
15198
44635
41979
12576
31476
7
32400
48395
32539
35566
24457
35378
35628
38851
38558
42003
48561
1797
30905
26908
10647
10016
41817
10436
26046
25102
12691
5879
7198
29640
29707
36209
16267
48448
27245
45301
24716
301
30708
29826
28482
23994
42832
41051
15779
39
19368
1006
23948
38054
12697
281
14815
2955
798
40657
11543
45982
1822
5435
10498
36718
8645
28114
48713
2162
7011
38254
8953
19356
47389
22052
37148
24268
23651
34824
37137
27472
15225
43947
39640
18231
31191
20008
45666
43049
33905
11508
24253
46051
46348
2022
33516
7248
15448
23158
7962
31576
40767
9647
2653
31617
34323
16714
43559
30268
28208
9058
18307
12152
3522
22571
40330
4867
36329
13433
43201
49146
38373
20161
23909
37488
8531
40861
15089
27837
6408
12715
37037
26654
21495
16802
33125
34262
41385
25100
45825
17154
40403
11437
49154
27050
9642
30270
16374
42606
4942
34217
19376
23585
718
28836
12629
30242
2020
24473
16157
45413
7267
22261
32853
47165
1402
46434
1495
32655
28613
13152
37730
29419
8793
8607
41345
35715
4036
41872
30989
1415
14008
27658
43080
42778
1232
40435
44714
15558
15606
24435
31212
4342
36277
4842
13479
30075
43888
16613
35622
48266
9213
25938
2867
44804
16078
29762
17146
27488
29487
46080
38879
35213
46521
36526
42349
15255
38551
24760
23480
5257
44654
37203
4104
43243
38528
17965
47554
25852
12842
38325
36673
21858
18331
40496
17066
10181
19227
17871
3520
17515
31427
20748
23046
29185
43
964
3999
10834
16512
23795
26384
7976
23754
6340
29272
41068
38873
24533
41918
19692
11450
34160
34356
26406
8178
17493
13725
25077
17355
45763
38496
49430
33831
20520
30143
34812
44543
21406
26812
2637
40208
16590
4748
40475
37295
8814
11731
15393
13917
37122
28695
33466
16846
46372
45686
38173
32534
49461
45246
11786
27185
37595
30724
22610
44650
5415
17672
25953
1769
22136
21845
41723
46913
15864
6663
25375
35599
11930
10804
37371
17856
14099
35417
13136
8923
4678
25854
14156
23148
23952
11276
22815
45449
33324
11303
44009
7150
24516
42944
23368
40578
12714
5463
46578
28267
30105
47546
16604
48799
16465
20587
17135
32875
41717
32550
22294
39310
18969
19002
5431
26355
38532
25416
20443
4136
34155
35474
11421
2855
26574
43847
32947
10021
45995
20498
12835
29869
5857
814
12912
3442
1332
4968
22702
2676
47427
26241
32005
11604
41781
1485
25773
48612
1490
42538
44446
26271
16522
6729
22828
49081
15698
35396
22071
42434
48915
17600
11046
996
7340
42185
34221
32192
25080
25127
22585
44257
3657
252
46956
37531
37607
3343
10081
11056
26006
30381
49383
366
8662
30373
26975
20113
17438
48710
6474
26091
10691
23451
11113
2238
23349
34382
33099
18212
2306
39964
37718
24788
48235
35027
11075
20556
48018
34715
24012
35916
6694
34125
37417
47321
24218
25738
42796
10364
45383
17780
32380
29978
8461
10126
32623
2971
6925
6048
47927
28187
24803
12392
47382
20713
32431
46659
44080
66
32557
14838
1122
26262
42080
19194
30506
15227
30394
11884
6753
5241
20164
40920
27387
29526
25768
42566
38224
1000
44053
43796
28385
42591
28680
3883
30227
20277
1707
31501
43114
24953
23022
25201
26022
17592
20670
38808
34206
3994
41250
43497
11350
42517
36690
19511
37064
29425
46459
31575
41146
16808
25156
42776
33184
23633
46770
1783
42611
35862
26455
4718
30340
13088
24609
20417
36899
31626
34893
37438
43528
45254
38844
40511
19138
35939
48790
18587
6863
9565
25660
35024
10728
32625
35222
12051
6733
49538
19625
45202
7865
16578
44375
37386
150
34204
5184
47496
37059
18525
18561
40274
29252
41503
46870
49127
15607
37355
44703
29613
4627
30537
49236
15046
25777
3873
6562
26535
40877
23258
20211
16471
46360
12512
37890
11054
43391
12877
42964
34459
30544
2245
30512
14905
15661
1493
35209
4105
28157
36591
37887
1859
30734
29179
10602
49931
11957
15919
27325
25764
39784
8903
24662
9636
6904
4178
11842
49499
25241
46564
21900
3802
38029
21119
30451
12402
21654
19860
33782
36381
7012
7792
11894
44572
28951
4185
1236
10960
4032
7848
23087
22336
2782
37934
46823
33843
25245
18254
5441
43034
4060
16899
30548
24426
13599
46509
26928
8402
21136
44626
42307
3435
8596
18169
40928
23509
25247
20934
3292
37836
24980
39826
12779
32343
27984
27415
40887
3655
44482
15123
21637
40704
34814
24010
11195
38890
3950
5483
18606
7017
47489
41567
18298
26354
255
10045
7425
8956
7202
18453
15065
21608
6908
38847
43611
40917
14627
16699
37088
15611
35810
16396
45936
15390
25064
10883
33049
26230
8945
2462
48429
38036
24099
17886
11666
22453
28920
14487
24586
43088
31279
15016
5144
1460
2325
22120
40611
2835
13316
30379
24405
36680
42563
42630
5962
45603
14084
37709
49068
9021
49446
32087
16922
39216
6941
8734
7373
25809
45609
5737
29319
28332
41222
39104
41520
5479
7531
35225
36408
43970
42854
12156
15410
14662
31192
12556
28677
41113
42523
13959
42586
4974
43227
3634
23018
34821
43642
24382
43684
25899
36471
15785
27940
379
33236
10922
49508
47502
2409
22889
20438
19381
7203
19910
30398
46304
1491
2213
25621
26351
5716
34067
5579
9398
20954
38776
26537
14704
35457
30443
17259
7074
24454
10352
11494
28004
38150
36537
18204
34633
42965
47301
14060
25115
9235
29943
11256
9661
43330
18563
13155
38842
32810
25027
32069
38252
23217
43660
5706
28852
49418
17148
867
39034
48719
27553
36771
9811
18098
23338
9635
24873
17363
39064
39489
1809
24135
23906
2980
11273
7586
23690
29797
37357
30009
12646
41245
28653
28056
34322
41427
7504
12678
46539
37327
24663
31227
34835
2815
22852
49305
43881
46279
7533
9794
39986
21683
17046
34881
21819
24325
26234
44321
39857
25697
17095
27164
2098
41697
25361
8328
21743
33429
27729
26200
28493
24830
22748
30170
49199
48949
47340
2446
17051
28665
29205
13526
19281
2353
40334
4670
31108
23998
18923
30477
6873
10061
26421
20650
15896
16771
3677
10601
17604
37796
46292
34769
4745
30646
43657
7034
14248
44369
29249
33750
17250
30515
2387
24228
47866
26531
46318
27371
49050
12686
23263
30639
45701
46923
39404
13097
36727
15464
37577
7182
15608
48484
11778
32574
32831
41853
3267
36902
1516
33179
41072
39932
49091
34373
35022
47880
38616
13232
11329
48492
12362
38711
23439
26588
30922
24904
9889
31025
41866
20696
40499
49364
39407
43206
45718
32778
25514
25591
31431
3163
46055
49235
1321
22596
25513
20671
39187
43387
31539
16517
16800
2139
47500
25288
10688
11385
43504
34945
26693
6116
11401
28987
38976
49668
48245
22093
49025
37361
27836
13154
29944
13525
36863
2416
5959
23333
182
30772
12062
942
49728
23280
18642
12247
6556
986
40633
35842
22354
5838
35684
42133
5894
22176
17774
10505
24805
47465
46392
7001
14442
34535
12078
28236
24141
46682
46593
47678
37844
40160
23040
7773
23657
47116
9145
46562
28156
25365
44502
18093
4919
26098
19408
31545
20550
49515
28024
45064
14899
49925
10268
3179
28531
8173
33839
1235
11333
20951
32232
11661
20546
26646
23027
648
18360
31155
34639
24232
18017
36238
481
35508
27111
28577
10378
5428
12249
6819
36359
14877
3139
30439
2937
48838
13491
7311
6841
8917
45361
21708
44168
12948
44533
16134
24083
24858
29872
17889
30244
9583
26174
2551
19963
18739
14844
9486
22307
33227
39344
12098
30063
43510
44255
20935
31378
47332
23774
30185
36429
12849
29743
14443
33014
27952
49426
36545
31547
34553
31892
921
16163
25446
13507
12765
35663
21314
16363
2522
2990
15882
42578
21622
7438
42063
23010
12695
19804
30940
22508
2082
15355
13405
2254
27692
1677
3473
41848
22255
27352
8275
41238
35941
24474
20289
14021
16948
28837
25833
24022
6883
5077
20558
17349
30469
31748
24009
38648
15920
12420
43586
24740
33695
12457
41906
20539
45048
43281
30710
8928
16170
38804
38819
43426
28716
47092
11837
10610
34595
29178
27052
48258
45504
44607
249
34452
29642
22696
927
30360
26850
49250
33165
37725
9257
41
14809
47852
30264
17713
13030
45732
48506
22337
22764
18799
49644
23208
22005
25438
19850
41240
10082
13086
21864
46398
42977
43304
28052
7128
13511
15385
48328
11723
4243
30920
29917
39903
10764
26348
35092
27249
17917
7714
3443
45331
37267
36087
24043
2767
41234
390
44935
11714
33197
21057
38315
11819
8135
39121
21611
2324
48446
30668
8019
36265
4122
46454
3605
17701
44494
29847
32763
31790
24892
13801
45513
38740
1308
27879
3222
20218
27408
9358
8673
17553
20591
3917
46834
13466
36955
29688
3975
17201
7872
31182
5945
10296
46197
38382
9780
46457
19103
6800
28468
15639
23005
28915
6279
49554
49212
34651
6233
25039
4006
14230
24189
15352
23945
40152
1545
28340
28773
45033
33108
7544
2136
4859
3818
43835
7611
8650
49838
9773
1090
49405
455
20421
17954
13480
37716
34010
16562
47176
35585
13042
24464
29905
36339
26124
31921
22826
2951
9534
32017
23530
38952
33050
36898
33388
253
26687
33500
28145
49095
23356
42837
44912
49454
24989
10110
28014
16074
459
49541
33860
17531
46547
21106
14407
47184
41133
37879
38457
19297
25207
41675
9409
20407
25197
25186
39537
12296
9963
99
45785
38586
17582
20470
37632
5862
31220
3096
22380
28366
46255
38475
27748
30073
14849
5361
46622
1279
38578
7301
15329
45502
17265
16643
7289
36919
12847
12939
1521
23299
46957
48077
3084
35915
13073
35223
32707
44068
45971
49582
44039
44799
17084
11246
38030
11629
34124
18893
22361
19483
19601
934
27016
8507
46445
3226
8843
14193
49268
49673
39401
32058
42509
46001
25370
42020
49575
47270
32129
18933
40587
15451
49671
28728
10428
14561
21126
37601
17723
49621
33140
40574
26660
15373
29109
28926
49020
232
2201
37083
21764
26302
45886
2996
41104
47401
24798
23969
29063
27385
14562
39302
45859
20533
39828
11464
6098
10446
695
1392
19732
42962
3391
38734
43680
28685
29238
17412
7866
35652
4030
34546
40724
15768
36785
3062
42749
5291
315
31097
4489
44134
13569
26533
22314
24535
2599
14221
9742
7134
45333
29382
758
36178
10255
9585
46891
2187
34522
19585
45482
25283
33861
33732
5742
18609
17502
23964
12619
30279
29785
26324
40754
39757
49325
49066
23800
47217
19754
37186
18667
31520
33490
11026
29007
33067
12981
44881
10050
14212
43192
47044
10176
23353
11282
12522
23517
38005
17671
3269
46548
2173
216
41885
16879
21942
25445
15974
19363
47065
30155
20392
18255
45928
33494
30306
16055
6228
38931
33548
17980
48349
28536
47781
7179
10426
40532
35696
45431
415
23372
12053
16234
41910
10025
43509
6589
48382
40331
13561
7223
48757
27456
25117
12644
41835
14162
46222
49080
4634
26431
12928
36588
13873
25034
3942
2540
40762
11616
43899
2375
11418
48134
21973
45895
45822
34463
39345
39919
13910
48560
29043
7020
8258
49667
6890
35993
39798
28972
7721
22440
2451
44845
9555
34564
13808
42266
16042
2493
1069
28990
49975
7386
33577
46190
46698
44898
817
18104
1078
17312
34645
930
35710
22332
25678
963
40493
27269
2003
32607
34063
2600
11829
26502
19509
48571
35949
44544
32382
28434
25495
38435
28449
29739
4131
44974
33688
39588
48288
16126
31684
47782
39008
13649
40627
4360
30987
37376
45656
22264
47385
36794
693
46847
34226
35549
15304
2235
25848
20845
14146
30788
48676
44785
37771
34048
47168
20148
8658
11684
44130
5902
24049
3829
20402
5485
27136
4173
16033
46483
4455
14437
16635
13860
25022
1200
4016
27138
36557
2133
1950
8563
19283
5127
20493
19169
3338
20889
47418
29624
15544
37791
3413
37501
7885
48673
25154
26259
7921
38795
27678
48440
3028
8587
46751
19307
41752
20195
7205
12593
24601
7534
24822
17124
43849
38271
7333
12947
1400
15034
41933
22257
14554
25519
48410
28941
17863
42235
804
19539
16945
4558
19343
22442
25862
39691
16311
34448
43595
15455
3451
22006
29438
2630
41745
16412
40721
563
266
37123
4798
24531
45799
23090
6190
33149
68
29958
46765
23174
12693
44929
17429
42779
26112
39294
48596
20154
42257
18048
16663
24615
37812
49802
10407
296
8638
45911
5005
21416
10218
28556
14267
26397
30232
23605
10108
19887
18694
18806
30415
25301
24042
37427
7163
31300
25947
41468
8050
2262
19516
20554
44149
27333
48965
49758
28825
9703
17070
13496
45397
14023
46132
8902
1068
48386
4624
10489
14135
43985
3256
8287
34120
41504
8156
27583
38831
19091
34472
32489
33094
13328
49270
26092
29703
10475
43390
4871
48931
28860
2912
42021
40618
42418
23862
44414
833
11847
30366
16257
9110
30760
8846
37418
47780
2150
39976
28787
9695
25985
5999
16620
34823
33560
35506
3594
73
1029
37520
15073
19937
30237
27104
37120
474
48535
22418
47297
49756
5158
44772
20050
20942
18334
11324
268
1230
43223
36493
44802
897
17590
2959
18434
28437
8878
12595
26326
5065
20768
21127
29838
37966
7441
28413
48884
36609
3414
17764
4970
14390
29986
7446
16348
25896
9982
9952
39794
4236
13836
18518
29332
17928
25345
31899
22315
22851
15434
27961
2109
16871
12793
15782
4997
47134
44324
15379
39368
4564
43825
35687
26485
34141
14195
45599
41078
1528
24523
44263
11328
47998
575
40643
16342
18639
10538
27850
16726
17639
19384
29831
18665
21507
37473
9262
24854
21895
4727
23170
9611
45637
28141
5989
23240
41229
48992
33965
38898
23786
20662
38782
3113
25346
5979
41900
41662
12657
32640
21703
35511
34253
29444
24572
21862
19748
44137
3398
38235
46338
2198
13160
42489
6413
46754
18487
20612
11383
26668
17620
19136
44287
22394
1623
26735
25046
47198
887
31657
33420
25009
19361
40792
44516
23157
19674
13948
25628
28324
1665
38786
40483
12354
5424
13225
27029
11236
13726
30294
9260
42243
84
42667
42061
33690
2596
23871
12708
46405
6486
9660
2237
19286
11359
25826
11700
40833
43384
41117
35248
43977
38000
45826
26216
12867
48615
16654
23686
18179
23128
44273
17742
4819
4927
14016
27662
20208
17906
8373
14124
47261
19382
21595
36935
36941
7186
19092
13629
22724
35854
49182
41516
24329
7996
35527
34587
23643
38548
41274
9587
2917
27152
19332
1780
28610
30368
23452
5560
26633
3681
22099
23658
33461
23739
48715
12827
28659
28400
47657
43821
1456
16287
19360
200
7548
32787
26293
38011
4028
19320
33628
22538
31584
8451
18801
22885
45652
32974
2666
30567
30621
16888
35954
9461
13482
46139
41582
40247
39636
20536
40490
46955
48324
3241
46344
36288
3564
13533
27390
39126
12933
28428
23141
5700
29092
6012
46821
16721
310
14031
24427
21187
16549
35192
35336
23499
29976
42388
35135
39158
39435
23057
37170
48005
12016
43803
15574
43552
14694
6478
15512
27358
34129
4941
31061
33434
29604
42402
239
32773
14557
16649
8880
49144
2283
9600
3748
24661
5797
44370
3514
8636
48526
32820
28797
36600
29212
41609
33034
39555
26764
10432
20795
24878
14676
25496
29954
42676
33386
43246
6220
8798
17700
40793
27827
13464
20390
49592
14353
15085
5079
7434
14821
10237
6986
34442
27627
22983
40150
20237
11803
15734
48024
29209
8643
11794
32004
39391
4160
24780
17848
26501
25469
33141
6011
40701
26218
37799
19441
37396
29283
5058
8029
1734
28045
10385
47295
47393
43041
16757
36343
43894
14165
7692
18663
46504
43800
22577
13084
4301
22692
16086
2061
18143
42027
33877
17689
28039
41973
30854
38316
20598
3772
1418
36305
7247
25328
3100
31396
46027
8669
35911
49014
13332
35820
26762
33993
3061
28199
23789
46095
28729
30688
42632
33758
48321
8875
48855
44723
9810
23032
15186
16796
39765
24855
4326
22539
13613
30793
6912
41214
2208
26962
12863
28819
33737
36427
38950
19099
19770
3782
46525
39874
28609
32142
5565
729
37140
11532
29583
39020
20311
33112
24090
46820
29195
2558
7627
29911
5925
11201
24203
26454
42533
15939
22053
43141
27703
42954
35460
30608
22959
49512
26685
37000
28829
15306
7641
16680
7760
20846
7372
13024
43836
10794
43600
23056
25765
2114
49175
13483
12329
19166
20563
45695
44950
46073
37368
47316
209
10933
27637
39665
26722
16408
32790
21048
21274
20629
45362
43664
37530
46446
17103
4644
6304
2379
45239
928
21631
41930
7803
28519
10897
42426
49858
48399
13311
1290
38556
32592
11497
1214
12887
24895
13354
4182
48772
15218
49341
337
45336
37470
31920
6776
33605
25665
21174
7761
30511
49579
14576
13637
32776
31032
41032
24668
13855
22063
3384
16077
34060
15143
37192
46118
37102
8809
9116
13949
32032
25846
11124
845
4197
46413
25053
5015
7026
21474
25968
32122
6900
43729
45931
43923
15788
34297
38361
8134
23649
15700
39556
36805
16600
19190
19004
33788
20574
38951
26484
8222
30365
20356
37207
9804
21272
34444
9766
45180
45190
15493
1878
1175
8613
22725
25380
26462
43897
10128
44037
34965
18819
30482
7454
31678
45156
20905
6745
13814
15751
30557
8761
19391
38140
34746
8652
48843
39092
48020
39035
25276
31064
10532
8924
47509
14680
600
12295
35665
17467
18917
15995
7615
17573
19165
5499
45674
31284
9316
42147
16776
23569
47962
3642
34662
41386
41237
21861
28690
48990
981
23817
18301
43295
42258
14249
4203
40938
47708
32150
7165
26554
12586
43571
44747
14654
41548
424
16567
5690
35054
29220
1115
29389
14164
39702
3261
20007
35927
26201
5576
43271
28676
39272
8528
42580
48066
42067
10236
33043
34968
15518
34807
6301
22395
7166
5786
31652
5201
39301
35387
44191
43943
31302
46895
1062
5738
22242
42222
32403
27869
22143
48904
7607
17428
190
35837
11458
10078
35851
14693
36883
11248
9382
46351
16203
37885
12504
27845
30285
17266
24935
41040
31166
34707
40337
3828
32059
49033
42716
23634
33948
32417
21028
14113
14012
34276
11086
6395
3068
1231
6845
25269
25649
33998
31973
1693
1568
10462
12242
34040
9304
12671
21240
36814
3812
37899
2527
3603
43148
19248
31549
4363
26456
6373
33070
601
15339
918
33318
5764
35362
37202
35117
42723
35697
49537
36907
37528
49230
25363
37862
26084
28899
25452
26085
4498
21866
25396
2925
4732
38287
19831
22105
46673
11691
48204
6714
41607
5928
30
47464
14596
30522
8425
20693
33675
16827
37840
39839
3993
7583
36094
31854
33798
39633
40234
49172
48861
46800
1201
8357
27614
29585
33590
41415
34504
24068
2606
26822
13067
8898
35700
28124
7857
22286
7352
36172
7814
30771
13821
28257
22894
48759
38228
34648
23814
3076
11308
8764
39737
24881
48589
7385
27667
44741
22771
34128
45708
38761
38857
43092
1722
6302
48397
12843
45081
48431
12371
2830
631
47682
33969
8313
38849
44642
20854
1626
11797
6506
30183
34449
44814
6354
15590
18389
35020
32669
27994
1257
49394
24133
5249
4971
2838
23749
5088
10915
8226
31907
7175
4592
16770
8941
12536
31579
18773
37542
20170
7899
18082
38822
13006
48269
27657
12907
46843
20952
29610
14761
49717
38918
23078
4653
5936
21787
128
22634
6424
39372
9432
41828
19203
19757
6066
42531
39962
32149
12803
38611
21008
33412
48627
28723
7943
13027
46127
28
41426
43125
19141
38763
47630
38421
5671
6435
40716
39399
26724
2137
47917
13056
19682
18507
36331
36055
18662
33174
47809
23319
17688
23084
33937
6786
14885
19851
39224
33631
27068
36489
43789
47662
28942
12965
27411
21519
15642
18746
37951
47386
24591
26476
42224
27398
6715
46761
6384
29862
15450
48158
7007
13707
34394
28721
40349
3684
46326
29477
9250
3863
32753
25480
4601
32404
2132
11261
13209
13497
35015
49055
14297
40900
44782
48811
5958
30008
8406
36220
27939
28786
21955
22028
17168
34870
2069
24693
43181
46667
28893
26883
25939
34157
12022
19578
20732
38438
44587
40991
18537
4882
41323
8877
16143
30416
44900
25242
43573
30269
42742
4330
34249
37648
2704
33651
48804
34243
25883
16246
39490
10921
28356
39908
1451
8413
39511
33143
27849
49141
22948
12300
32970
5813
624
17446
38908
4389
46122
48117
18141
27808
19480
3495
4447
44696
15487
16594
1026
14436
31883
21279
9160
36529
25783
32691
10319
20623
9375
49188
27605
14766
29193
27280
42375
11614
46102
30327
45132
47531
38742
18789
41223
32877
10183
17721
16080
49265
35308
38785
33111
21644
95
17812
43187
41478
30000
4765
29158
24248
11253
47323
22338
38563
13287
37287
20485
6844
28741
5773
9013
13514
28908
20133
16180
35781
21577
40534
4391
16912
16765
12494
21606
7185
49150
13468
16742
6632
4821
1111
22029
21209
45531
46914
27274
35783
16676
48274
43335
25021
27745
7485
16454
23393
37195
5609
7967
6823
32546
32369
8868
29643
28823
2470
31183
34423
43376
47208
23222
38555
12758
42672
8598
4759
49287
48318
18107
13473
7640
37916
43353
38191
6177
37906
12270
26843
8856
7365
29765
12692
43500
17751
18108
32276
17437
7366
454
8049
4766
39381
35190
37742
44647
3143
40227
39273
17057
21227
43826
10964
30933
43651
45519
35940
20297
42905
27844
859
27883
5524
17949
46075
7765
17562
26444
45001
25970
24233
36320
13646
32720
674
8753
39212
5607
4057
12458
33640
28965
1805
14105
31747
47129
12079
15394
28864
33181
26055
11656
31160
32894
40517
43512
28826
41294
13004
34071
6419
1895
29070
26490
21367
40138
27383
40026
20048
45983
4293
1189
35187
884
49531
47263
21418
14364
8580
23516
49721
20242
9237
30988
37234
25538
6710
22402
27792
40466
26369
25112
9705
17849
1468
28390
9995
21245
8312
13436
30877
46133
36059
23833
20418
48454
14148
9961
3823
21568
19718
36356
39750
11073
6073
48606
6498
25307
21510
1221
36574
16377
49321
20646
32863
2291
35186
8506
2979
8676
6674
33637
39303
22735
7826
39791
46591
14073
45407
23047
7422
2438
29897
29110
42376
16629
36901
27173
26740
14179
44675
29341
37246
35656
10271
7317
31690
30792
15997
44669
17801
43649
49312
35286
23751
42303
26570
9034
26199
3229
22326
5049
13233
42811
11269
21131
37389
33795
6601
31375
40228
15517
21088
28739
31229
16639
22556
22266
1323
17192
47881
40845
10686
7532
44001
45858
16971
48280
35910
32383
41879
14309
16816
27320
11821
7539
15993
10765
13587
21865
12137
8121
33907
45328
26209
4860
17955
34950
22351
33863
12470
1218
8667
38365
36150
8994
1583
45395
36041
10899
11027
31038
12645
45575
33301
5193
36052
32152
9735
6770
49653
20815
41524
26320
4915
12562
46259
32997
23918
16083
24600
38972
18623
8497
30882
21928
3979
12689
6910
28672
17607
49844
13914
29315
16479
47350
31565
2860
8833
22320
7633
48753
6951
17440
36847
7314
12001
17115
8942
31017
10298
36476
44058
5096
25056
43814
27439
40391
2827
17463
40908
47605
32316
47240
19984
35934
3363
23418
22843
32834
7628
41923
21144
48748
3661
24059
22239
9309
48365
4907
5851
7569
45940
3464
30820
15155
4909
35347
45485
24626
36300
34246
41821
25404
16672
40634
19751
460
39290
33224
21658
36850
43770
41103
33764
8988
25856
29040
22146
10918
25739
45699
22383
30437
12509
48299
17345
6991
21920
643
7432
39773
16745
37870
11983
49742
40332
40622
8745
37753
19311
17453
218
10083
18500
42109
39089
5054
3365
6493
16789
41420
45881
9475
11620
27765
42241
39102
10992
47233
48786
7541
34766
4475
11079
42655
3561
8688
31809
30472
376
3636
40786
10
39814
1304
26077
34285
13412
28151
5886
1153
27256
47758
14994
39253
5235
28697
43919
31682
41794
2667
30741
36923
2219
14348
31749
18448
49254
6456
6799
17373
14735
37457
44908
10560
16318
18617
10412
5456
16650
11833
21578
4184
20663
27154
20514
45079
41905
20668
12418
48141
44738
46757
44913
26810
14682
40380
26578
45109
28315
2881
25090
1117
27359
828
37291
20721
45170
40550
33645
14875
30280
9883
4350
23623
45790
8024
48061
32610
43955
9476
18787
32350
13185
17707
5486
5922
41361
42528
47635
9582
8664
37818
26296
28565
18250
36202
6291
41226
17518
4522
13120
10144
30942
28491
17379
33509
26987
28753
15714
34115
19827
35377
21069
34585
8768
9955
14411
7975
43630
7751
6312
2811
44902
35926
4599
9699
7682
26130
34468
49869
45159
38010
12278
49125
2671
41841
48108
26699
41584
2398
13703
17757
39917
211
25168
23939
13221
37797
30453
36023
6221
49229
3651
10064
5195
40340
12216
8504
47435
1770
17015
43994
4551
5550
17711
45722
7601
15484
42639
47249
25573
37686
24681
13966
12781
18072
46522
27395
47163
32884
6336
25308
33307
5012
17861
11865
29056
8871
49200
13262
23182
23292
35325
15243
21017
36929
23231
22712
17959
2264
33313
39902
23910
46658
25888
18246
15697
30025
412
39420
2616
41033
49532
37621
16495
7635
37080
35333
28301
49912
1903
6732
24921
17933
38248
29289
45201
13718
27405
35023
12682
15821
49309
15806
13958
36388
27931
49501
40347
31163
4925
41589
33035
26466
11131
27045
23053
37967
29529
11902
30083
9613
16093
29421
20231
2639
42289
5081
20349
41346
40946
331
47702
46517
37258
10835
12427
22009
7285
23261
36661
18349
20750
42537
7430
36506
9016
26373
29119
22265
18390
21139
4667
43485
8797
43238
26068
21309
45630
16791
20255
10115
36460
16455
45682
3053
15937
39600
8075
41322
19005
48036
13987
32227
39347
24793
26194
49391
15133
8790
16378
32256
37482
46582
9970
36665
3225
48228
24983
48191
47485
39675
41784
17492
19598
10882
900
30433
27636
8908
13641
44139
48149
33816
33549
48238
7258
12284
43792
42922
10259
32606
22023
21603
6254
33033
15609
29719
21645
1305
29848
33721
9900
13780
44290
38090
47070
38652
49176
257
30894
24062
4045
18664
23882
21121
23989
16486
17555
20825
15367
12115
39013
13205
18381
13845
8301
36425
27277
49031
43461
11171
18445
1976
1913
39961
9473
11701
1799
4073
24480
30444
6174
30592
43968
37235
40848
38715
16425
21763
19647
18999
6927
18036
31273
14434
7927
15509
43268
43776
25092
6561
14382
18438
515
47681
28103
9392
34572
45145
38621
43983
24955
20258
41424
26109
16481
45270
31865
39882
4777
6724
49227
45021
7479
26116
43386
35090
28300
44961
6591
24706
49513
48152
9896
33091
43418
29069
13298
34330
14406
12530
762
10486
9415
38790
47108
49488
26318
43695
34191
28088
49701
308
724
37936
21669
49490
19913
46472
9509
32502
27340
44434
40291
30043
4617
20703
20977
17283
35893
22079
16375
46568
48310
24725
27499
27619
35965
551
36459
30680
21161
818
1645
41597
7742
15681
39173
11244
46178
48683
22606
13045
4352
40378
24247
12317
26532
31070
45398
42121
12251
46448
12609
8787
29714
44865
26594
10244
41625
23311
305
29521
35857
17460
83
38439
92
31859
42247
35218
43249
3200
14858
27831
45642
23908
34917
33234
1972
28471
5270
2224
34732
16048
25840
17424
26248
37613
870
3877
5683
49369
48787
5619
49350
24742
42330
475
8548
8409
9711
2890
26007
27673
32260
39220
9504
3536
17872
11394
36830
3584
20030
40076
12146
17170
11184
25863
42909
18904
30864
21294
11544
21778
20758
34646
40828
1941
42783
19885
42480
6555
15764
2587
32523
32011
6851
39398
14772
33194
18427
8306
13490
33312
16034
29295
44933
28810
15817
43867
46281
10143
42193
47900
2145
14995
25304
43734
6919
32062
18796
41038
4316
26229
44638
3355
8351
11381
29404
17813
31118
35035
33824
26036
41122
25943
19033
13282
1982
19201
6510
23747
22082
17358
35936
47785
242
27756
37315
4541
14879
43862
49122
44050
42042
2820
15948
37560
28834
9590
5304
27476
3884
9406
3088
12006
15323
47750
144
11924
2467
49003
31037
43028
35127
29681
12475
44753
1389
49813
6079
42326
28073
26874
19364
10525
25551
40271
8543
36073
44418
26872
20948
48300
40906
4764
18540
38446
15502
29505
48261
3085
10924
18931
26207
28730
33310
8527
39878
39501
24221
49223
14399
42110
46981
34414
11813
40365
44841
46942
21794
14645
39268
20347
12937
9102
26103
45438
46561
49242
7599
5684
9312
1877
38359
44320
43804
11057
12712
30709
22645
4235
21553
17942
38366
7278
9682
42083
23102
9252
41650
40261
29104
31496
2013
3462
49710
38302
32144
945
23169
47508
7270
21480
217
453
3150
21444
34796
18261
29755
12641
2276
36576
49030
39684
44586
31969
33806
43217
3169
22730
41758
2936
21831
1985
2366
10345
8960
5547
19780
24577
35657
35331
12672
26365
6865
24949
163
22711
13590
29620
17669
35199
23573
45834
14205
5772
7679
14163
49978
17391
20172
19496
48171
26734
9668
9981
45458
44938
7344
3646
22197
20943
22776
5800
25339
48886
6858
38046
7151
48981
14730
21465
8073
9336
31149
43706
38268
6020
43229
7276
9515
14171
2477
25955
4586
36271
13877
44535
8026
44860
10593
31833
27285
35650
31187
6405
20475
26153
39448
34169
45766
37225
6758
29744
37237
12919
48272
47239
10999
20186
46902
9523
37575
28799
48493
29141
10175
43209
15625
42159
48436
14276
33119
19660
23385
3040
23475
2862
46339
36294
29655
33505
27190
43422
42045
15309
27893
19720
45123
7659
46717
19806
613
1991
26005
27290
15415
6852
17248
27308
2886
11174
3871
26670
40636
49221
42000
41601
11713
49337
28938
37896
11918
26763
43516
1731
34972
14451
24358
36164
34456
11462
35632
48976
49741
24981
49877
19590
48295
18484
11488
29596
26511
28216
5508
171
22278
19716
1989
12669
45280
45410
28203
33026
36589
25460
3193
41842
6367
45694
1404
15062
36435
26060
36395
18596
29788
12005
40927
21154
23851
6848
46429
9079
34702
39395
45516
34909
35016
10370
44667
43357
46687
35882
33643
38946
46380
28174
20284
5903
35226
42679
826
36217
23999
43338
10053
24797
37297
37421
6748
32370
46746
15688
45007
27525
42833
18886
11215
44713
29784
4782
5056
203
47074
1275
44475
48669
43474
10877
40107
4186
4392
27790
22128
20843
39868
39495
9229
49957
18848
33177
37863
10063
29766
3288
24324
22829
42212
46108
10624
90
7604
17876
41126
28102
28338
48618
4157
31185
38589
37443
30113
38840
44534
7629
2545
9935
3342
21103
43248
35565
36635
35895
13879
9099
33528
19547
49708
1317
23389
5052
40143
10916
4587
17517
26141
14206
25624
5891
48845
5620
47649
34476
29089
25908
25429
32361
26305
20867
44272
21060
12227
40973
9953
18065
36254
49996
48016
23813
26479
20975
32274
35860
42484
2762
11369
25567
41080
22036
22100
47063
40265
30169
24636
15967
20569
18786
8062
20059
30495
42959
46313
44440
23639
48622
24673
8167
46407
49647
7621
27006
24568
15275
10242
4682
41527
29377
8777
30310
869
10698
39141
47210
2570
49164
47003
11952
8195
42625
20462
21718
16822
16716
46352
31071
33670
25533
23438
20001
771
16621
45483
18028
45517
23787
22652
36778
46470
1718
41470
44085
17450
4836
22299
21956
44120
44237
49665
46447
39954
14284
12936
30699
11182
35116
13737
29267
11202
7651
33922
41076
18032
13734
10547
8957
37953
44077
25650
24569
24057
41144
32299
5498
26596
27065
27453
10097
42545
19489
44334
13597
22924
9327
14414
24664
37782
9264
6290
5063
8332
39479
3470
37665
24078
45057
32849
30272
14939
45061
20058
31618
24776
16823
24444
49043
36007
38780
28272
25859
12909
14784
48857
293
42556
43292
28993
39520
5298
33057
23373
43755
33180
4847
39843
30510
18333
13930
28049
31793
18608
21774
20244
42597
47115
33167
12676
32235
48821
31782
48394
34600
11860
35500
8779
7954
13410
40852
14057
30419
23314
47444
5242
11406
23834
1698
45340
3944
33790
35672
30153
1973
15248
2333
43998
35575
37348
9011
14004
14188
26956
45806
46737
17569
24785
7234
10211
21491
8484
2611
33650
19600
27585
6709
4657
45985
44873
43062
40744
16493
45973
44493
34597
19641
46125
1618
18747
48539
31568
40273
12269
20720
32337
9633
32424
41314
22048
48132
32096
47223
17159
727
1630
27802
8819
31756
26308
23737
24193
20980
19862
23370
46941
17053
10859
29552
20092
20940
31768
42703
37985
27133
5287
40536
37333
17100
30982
32783
42148
8216
37429
15650
25941
33015
35340
7211
28595
48098
35404
37212
8955
49015
28655
38070
49192
41610
46951
9966
1854
1071
6276
21690
13931
12490
38068
24839
25817
854
48892
39683
42199
45011
13264
16704
7147
23967
17236
19840
26203
35235
16337
2821
189
48875
42593
34668
43805
7646
15885
5324
6742
23648
12394
37356
9967
12951
32743
25381
44547
23408
27043
27191
23130
5641
11392
47972
37462
29333
45232
3503
9089
965
11247
43224
12044
2675
10514
26126
38756
22811
47890
35093
32507
25828
18658
38485
15158
1229
6006
28273
42077
35512
47282
8905
8574
10731
27083
30102
2857
41289
47656
9184
13770
6761
45167
36953
8554
38936
28261
5715
15343
42730
37719
38442
45777
15414
4810
47241
43100
1202
49623
25750
37993
35774
2632
38492
41194
6640
15706
14806
49298
5751
10299
10957
48734
45359
17365
10893
34087
30066
27539
42215
49105
7545
10738
21427
34625
17552
11618
13196
42721
9422
11910
9874
17937
314
2972
3817
33410
13692
15212
47670
40223
20695
6645
3533
43575
9685
8913
2084
5048
7710
23507
271
46428
32075
48946
29278
26890
1310
19173
39895
11
9921
6718
38805
37311
12549
29982
9020
47564
2998
45813
46269
18729
18957
9280
48346
27024
9516
37677
41449
25162
32982
28147
23325
21449
45169
43412
1866
5364
5185
37464
14774
47730
46781
22840
23771
37414
17002
7039
5337
34894
3201
30432
37706
23618
38617
15527
3595
36857
32092
16586
38397
15380
32924
36307
9654
42495
7440
28299
14944
40374
18643
36735
16611
41332
18926
24040
5488
33405
21135
49939
19615
40925
28585
8370
13988
45069
16381
47987
13471
39544
23070
39425
17645
16542
15520
31467
21528
35491
19162
7968
18087
1227
13353
21918
34209
7220
12483
38999
6428
37876
28207
37982
19586
44247
33284
37300
18659
1003
33696
33421
47056
45679
4596
25399
8524
45974
40329
7778
17762
38744
12476
32010
28113
49766
10091
5494
42170
40470
41064
31637
12455
24496
43723
37986
32878
24401
31442
27855
4965
25073
40843
38914
49156
9983
10180
18838
45082
8716
32016
22135
9788
18287
15929
9520
2437
29638
4376
38354
40519
31778
39762
43958
20279
30676
32312
48337
15819
5340
24478
37013
19180
18781
5861
20791
32123
26001
20655
11579
13936
11715
49272
3121
9876
43827
38985
41460
24767
39821
37099
2232
46628
20553
1083
33357
12429
40689
22118
31521
25860
19062
3868
1380
16792
34831
33904
36183
30139
23656
20530
23672
5518
29980
13447
41831
11031
3976
9573
23663
40981
40871
42690
36515
16502
33940
1048
16564
29350
37149
43872
27135
20599
39439
5954
28766
44212
45107
27473
843
45711
40741
15869
46925
6882
40631
3439
1209
46478
36451
18909
30978
26586
32237
597
31924
21352
27885
34417
43098
19459
3232
1856
5998
10878
26772
7349
31322
15425
34327
1338
11357
4401
5122
20588
11748
43117
4390
15677
12810
32183
45200
48491
14483
32898
18156
3860
41003
16764
37748
36542
8890
38524
29079
14475
8842
27188
40806
35088
38413
10827
10424
36551
49216
6938
12818
36025
14757
9850
49952
19690
40515
26345
13979
26034
21639
47858
22492
47271
10969
26601
43199
23574
739
2711
9887
43091
5369
2645
6803
49344
9915
19191
38751
36133
13677
44707
49343
21482
35785
35451
10742
19566
11513
34038
351
49921
6092
35119
42184
23111
19622
1240
34215
31902
11745
12788
5260
49314
40638
36999
21076
4675
9027
36020
26256
29387
225
35903
38217
44038
12798
19359
5702
2794
37215
17464
6773
6612
5650
32141
29628
41400
132
19619
8192
1654
36714
1965
1849
8929
15144
38969
38567
8624
25348
6924
44894
43656
5153
23536
32191
195
43070
26379
23570
26155
31399
14632
22643
13760
12180
12668
33584
39540
11337
19050
46480
7200
10861
18355
47204
28161
16120
2122
7031
1176
2863
49491
24783
8271
13469
13256
6360
26150
49595
9892
34933
12929
11461
28778
2284
36491
21190
16389
9861
41949
30431
10492
10869
1391
3916
29966
26795
28353
37780
48649
13237
3771
18422
14734
10291
35647
5580
48717
5225
17816
47285
23492
48084
46684
28409
17504
49938
49661
16597
44555
24874
3900
16565
463
26674
31666
47440
30731
45196
44157
16746
27137
13740
26004
47400
31336
9710
8695
24213
41018
44666
14127
35924
46252
40269
12383
21113
5089
39384
47438
20139
886
23050
22157
5259
41518
12324
48209
44946
49436
4256
28925
20000
33698
439
37884
29034
10832
1524
20202
7083
48161
18285
7004
35208
37554
19638
17846
22706
30753
25036
23301
43221
15202
47051
9667
42305
11990
20196
17853
17726
19835
19883
21268
75
38381
37977
39436
38846
11697
6244
45625
32567
24967
20187
41936
13358
22537
17932
37515
1873
3388
1106
4472
33089
34589
44477
28525
26093
17910
26825
10863
46059
17160
8714
13589
1186
22994
17678
29550
40157
18365
2223
25170
37323
46235
44501
49678
28027
15748
7616
6539
11205
13769
11867
19416
30278
22213
23473
36074
30762
28093
40196
46490
27600
25310
30587
7913
24122
30881
49614
26435
22522
358
43731
9803
15383
35957
16809
19309
30499
3515
26705
40963
45606
12268
34179
46796
47639
14432
45780
35619
48846
1207
46154
16429
40185
37165
20838
373
13435
22159
10720
25793
2516
34910
33367
32929
15747
25790
8274
4841
33515
20994
42231
5548
6455
15791
31194
34427
47643
35502
41849
41278
10419
41474
6664
1270
15834
30910
35790
5209
45922
36743
47778
33689
11242
26778
36807
47711
30505
41204
6409
46180
44927
28977
14901
1041
43171
48488
36824
16233
6538
3673
25877
36380
23247
1781
28104
42233
36350
28307
43588
21641
48824
28100
26333
29384
36772
43896
29094
3742
11653
37617
19828
34287
7124
7638
7819
21706
25504
28090
9322
44613
7350
11064
12246
31817
11512
28953
198
26286
36637
13002
31992
9777
48335
7409
48630
41202
43262
3305
17684
30414
45197
6200
24808
14597
14695
13867
27096
22935
21584
20692
34348
29956
29433
33785
41686
3915
30211
13694
2300
16270
33159
38854
39872
49057
16355
40734
10383
19535
18102
18148
7911
37657
16584
35311
24458
2167
27979
44244
15055
27561
26399
27
7713
14679
17087
13351
33731
47732
44954
28712
5677
6933
37550
12319
41846
49151
30488
43400
1609
9333
30640
27205
20570
24041
31775
13744
42751
20893
18052
13939
27128
29280
19407
43993
7711
30496
3483
4424
45757
12488
2134
30684
5932
26439
34024
3759
12552
46589
19225
41751
22579
33445
36422
47714
24087
9445
2384
36313
49875
25262
22586
9315
42284
49594
47579
41681
19456
31012
26088
40595
30362
37028
943
3729
4407
28440
1593
6901
16223
33188
10191
2415
22461
26477
42805
31838
23193
15216
9628
38961
22743
5000
3010
42099
37049
20742
17235
32408
26275
4058
29310
40010
40052
15170
27632
10826
1149
8691
3928
44397
2195
11621
31746
8014
11886
1984
39026
42931
47585
7096
44780
31128
2165
36099
48099
11506
42166
32249
31571
7938
32794
31288
24807
15557
14389
5723
18709
42743
29118
37053
3692
24327
27668
21376
30093
22525
11480
10852
15897
34205
9329
11199
8400
38388
15704
46674
41301
45426
13145
28516
27175
31681
25559
20263
27085
27819
6570
13083
1664
26104
13224
38625
4458
20761
36677
11754
32081
12816
41366
43777
5957
29988
37425
29036
31248
11452
2490
25173
20808
15725
47220
44444
28781
18827
3323
12144
4792
24908
23051
49089
30645
45173
27391
47523
487
24483
35014
20190
48106
47237
27235
27139
49142
13778
19917
31732
7955
9713
38944
16548
14536
43283
21351
38031
6335
19134
41513
42135
40918
32596
9060
44132
39361
11766
47983
34657
9234
9337
35214
8304
17534
14529
49047
19987
13292
34722
33851
17822
22715
20045
28447
42456
23201
42791
35578
37115
33102
3608
29654
13689
22405
13371
34825
18277
27425
46586
8594
17478
27938
48718
39989
10090
33499
9767
8620
34516
15375
14291
28894
24205
10073
28140
14293
29548
43444
15308
36187
44700
357
44999
13440
41490
25992
25886
15827
44372
15473
42624
8286
48598
12840
42825
32908
48733
25612
14516
44771
39201
32945
45235
43933
22946
2436
17898
13751
14000
7594
34871
26552
21164
27695
39727
34092
36361
25957
35821
41709
43416
27258
15994
20068
2359
39629
3484
30887
34630
11012
31112
22888
37310
28853
1986
40142
47692
9939
44692
49362
32515
38119
49396
45259
458
23490
42132
39602
41858
10659
10328
38215
37969
1957
47388
19057
30636
49624
31129
28558
25667
8510
46340
46982
33457
12550
13318
22662
12943
27101
34254
47420
37208
33693
38676
40176
16970
17335
10702
34920
27490
20057
42518
10447
14799
38629
4081
32450
8064
16674
49771
28560
11665
25463
35674
22382
24651
20090
32281
42313
12372
37641
28136
43160
42752
39514
24912
4979
26870
4069
6188
20070
21582
27823
6839
45667
28483
13112
41519
24440
16730
42030
17560
20999
44882
49306
12453
4010
6317
25191
15080
45892
39264
10225
13922
36376
10023
22364
18649
24380
40656
43001
19633
38649
47357
21609
19440
49729
40008
6178
22103
21849
1014
22999
38659
32561
49683
5402
42207
37067
8739
16695
10132
17369
10892
24894
3839
12886
10857
9320
31000
18760
20884
10069
37672
3773
11291
46196
11048
42229
33821
3409
20828
11206
1748
48114
33398
44002
42649
9069
25552
6255
27505
45312
43745
45720
13705
19643
32477
29682
2706
49651
13394
41818
10182
9036
37743
13331
3317
11255
14010
1680
48533
41695
39233
26146
26598
18411
43409
23653
4622
3679
42541
19544
24066
2777
40030
26211
43097
2650
4345
15934
48283
16239
47737
37926
33032
21695
18723
28964
9990
1952
41736
8494
17783
28439
19012
7298
48302
49889
6886
43863
41729
34598
12206
19592
40449
33575
30338
12806
28662
10448
19216
2809
25203
15992
31304
18385
2814
6747
17220
11718
21085
30944
34162
41822
5330
47156
42035
46689
39327
21184
15404
31531
34137
15032
17181
11047
27089
3988
19749
48371
11685
27977
37925
26619
34388
24588
3049
25097
33538
47226
40858
37046
20026
31976
10928
13348
24119
14800
22561
48970
44715
42123
22740
21400
10140
6018
16122
26417
41859
18314
27838
33372
241
27724
31208
3393
28179
14951
15026
39722
32609
42952
23339
46256
47951
4855
27292
20950
19491
17704
37343
3074
31983
14659
2126
2629
13983
37078
2946
31634
47109
35643
21638
12480
25098
44356
26754
21292
25993
35057
8220
10570
46181
14520
9718
14054
47612
15822
31451
46946
8860
22794
6686
1170
4607
14111
41921
33201
1824
32718
33448
25289
41208
33933
28322
32960
4485
3374
13140
30623
7536
41228
27917
27298
6261
47753
48769
18251
34241
23765
17378
40491
1937
5398
19881
35823
32326
39995
42189
28858
11407
22786
43469
39732
33483
31687
21072
41140
11196
37988
1346
12143
33381
35153
27513
27254
26590
17398
8615
8190
8081
36143
29504
9568
24400
38700
1720
48217
6280
22835
5414
38415
5163
4417
5733
19661
44846
3887
23060
22330
3610
9251
19710
15052
46065
21991
49259
46314
19713
42692
48666
3980
8608
45365
30923
7946
27597
16345
31260
15952
30924
41293
40986
46837
32107
3112
26718
45891
312
27284
9671
9017
46778
14689
15392
5546
46276
11634
24110
18160
47611
28331
48159
9644
45174
17448
48908
11470
48942
816
45929
6426
5390
226
47528
16858
3749
10820
38328
29866
26811
35944
30058
6716
41983
30377
27232
39562
36263
28408
45347
41055
40219
7756
6789
44719
32542
39335
2476
46320
419
19073
16599
38308
35818
22679
17718
36482
27129
29392
43636
37626
1250
14655
5500
21656
25850
32471
14690
44293
25342
43210
46631
929
40652
48760
30401
13123
37572
6516
13872
1505
32325
22931
17661
4233
43402
9888
26274
36788
27318
510
32364
31987
41183
19113
41147
12113
9865
44171
16139
21650
49128
1627
48232
44051
37173
9485
49138
16831
6247
15926
37928
6347
48933
11484
18051
48039
36091
8098
37070
65
21219
36650
28553
438
17368
31241
35462
34450
47391
26881
41456
18993
16804
