4
8
0
2
8
5
8
7
9
0
0
6
4
6
9
9
5
7
7
6
8
8
3
8
9
8
3
6
3
1
4
0
3
8
9
0
7
0
2
2
8
4
1
9
2
4
1
9
1
8
6
1
8
3
9
3
9
8
1
1
4
3
8
9
9
1
6
2
9
0
4
1
2
9
9
8
7
7
5
1
1
9
5
4
5
3
2
7
4
5
8
4
3
4
7
4
2
7
9
5
7
0
8
4
4
7
2
7
6
2
2
6
4
7
2
1
3
6
0
9
7
3
1
8
7
7
3
9
2
2
4
8
7
1
7
9
0
3
6
7
9
6
4
4
4
1
2
3
3
7
0
0
7
1
6
0
1
5
2
6
7
8
5
1
3
3
5
0
0
8
2
8
2
2
6
1
9
0
9
9
5
6
4
6
9
8
5
6
9
0
7
0
6
2
8
2
8
8
0
7
1
6
0
3
1
1
2
4
6
5
1
9
1
6
1
4
3
3
0
1
9
1
5
5
9
6
3
1
4
2
5
6
9
6
2
0
2
6
0
2
4
3
9
2
4
3
4
8
5
6
3
8
3
6
3
7
6
1
4
7
7
0
2
3
7
8
6
9
1
0
4
2
7
9
2
5
1
4
2
3
2
4
8
6
5
5
2
0
6
0
0
1
7
5
6
9
4
3
9
7
3
3
5
1
6
5
0
2
7
7
5
9
7
4
0
2
5
3
5
5
4
6
8
2
9
7
7
6
4
0
5
3
5
2
7
8
3
5
0
8
5
4
3
5
1
2
0
3
0
3
7
6
0
5
5
9
1
0
6
8
2
0
9
8
2
8
8
3
6
0
6
5
9
8
4
8
7
1
0
8
5
1
1
5
3
7
5
4
3
8
9
4
0
6
5
1
1
5
4
4
