79
25
42
11
9
62
60
90
96
62
72
29
72
68
32
51
48
16
13
96
28
81
87
60
95
27
34
93
66
35
68
97
65
91
78
95
66
80
50
32
84
92
17
24
13
99
84
56
70
38
95
95
80
52
8
37
82
3
78
20
20
18
91
4
42
53
30
98
78
64
80
85
81
97
78
92
28
83
47
69
18
64
56
14
5
67
55
62
63
30
11
24
21
61
42
75
28
43
44
34
37
45
86
67
60
56
27
50
88
92
79
71
28
23
10
16
2
17
25
41
51
83
30
26
15
45
6
3
31
47
10
36
57
1
61
93
67
47
10
7
41
91
79
71
57
19
38
72
19
79
72
63
9
34
23
70
74
27
59
5
68
49
89
14
0
2
49
29
12
12
44
19
46
55
23
13
76
15
20
84
90
86
5
35
87
11
61
6
75
49
58
68
50
6
90
36
82
63
84
85
45
53
75
88
59
48
9
61
25
77
73
94
42
22
89
56
81
70
8
52
24
39
3
74
9
96
36
21
66
54
5
71
4
26
12
83
69
46
64
40
60
73
46
31
16
98
33
89
22
27
92
86
25
31
66
30
17
23
54
7
48
88
12
86
51
17
87
14
48
55
54
59
63
3
73
40
41
53
54
70
35
29
33
47
35
32
26
55
94
96
93
33
85
74
77
83
76
82
46
44
94
80
59
75
2
67
15
52
65
39
90
32
85
45
4
43
43
71
21
94
8
65
37
50
16
99
1
69
77
58
87
40
4
58
11
14
8
1
41
82
15
93
0
65
21
34
81
89
37
69
29
36
26
77
44
13
18
38
33
99
31
49
39
97
76
39
7
73
38
98
97
0
98
52
20
91
74
0
1
6
18
88
57
57
53
51
22
58
24
43
2
62
10
99
7
76
22
64
40
19
