16186
28026
17081
2525
11435
24688
24009
32644
18203
44051
5167
3937
42478
32580
38431
38652
3155
7848
4409
9471
12535
39426
43629
2117
19762
30516
26484
673
9816
45507
14856
41052
42864
45539
35109
28841
28919
12200
5126
42497
40515
1885
5536
14377
47816
45571
42093
34275
47738
49366
34004
28571
21752
28763
49539
7544
20828
2622
44846
11387
8454
44208
648
36623
26621
38106
40073
9966
852
44586
12857
42607
2343
16643
481
3890
15942
5446
36435
32537
44400
26609
9195
45494
15763
10153
36056
36315
21006
3239
1668
15803
47752
16460
4053
3216
43193
39142
4903
9742
28353
3341
44126
33190
34820
18840
21382
13285
23869
32349
34722
39587
39970
47440
1226
17346
27275
45068
16961
23078
37696
16027
40754
42054
27959
2667
42414
15545
19804
6853
35393
39020
33279
15344
6359
17042
46415
43088
31244
30966
17584
49427
29900
8159
49569
44283
36705
21952
7310
46839
22965
22553
41868
44875
1341
36456
45713
2661
40842
46331
35773
14039
26747
19085
44678
22473
42086
49911
4453
43941
49859
5500
31407
3599
25748
43815
32839
15066
48953
25673
11729
8796
41923
42247
9199
24413
38894
38256
34702
16802
42468
12888
8614
44028
28202
30908
35101
38954
12335
40025
36202
37529
17869
44921
22068
32013
15059
20523
8218
47560
38494
10480
47431
35873
7317
49935
20972
35478
41351
49221
8052
33834
39098
7785
49782
27282
33684
31205
39391
7224
33189
8338
7361
26216
21395
48772
3930
48533
10465
3984
29754
22634
18082
21083
49226
19902
11302
41600
40558
39797
25061
22705
790
3220
37390
37405
45815
21542
44813
35976
26884
35816
2574
3570
37551
15503
41828
26497
29064
5305
40637
45963
39649
6866
11176
15144
47673
8563
5805
17666
2139
38976
48572
36293
46410
11878
5234
18399
8647
42789
32429
48167
41685
15442
13222
20097
18623
21278
36229
8374
24635
35707
18619
16691
24658
34960
34678
25367
22660
706
21509
27594
33344
30189
4203
38089
30804
21925
19605
11
28868
7221
23167
47485
10230
43252
34608
25848
25764
25682
49291
41181
36388
22344
191
6016
23542
41240
8539
49245
3271
10014
8941
15780
31757
47855
35027
41900
19086
33271
14691
16105
24880
22478
16731
26480
19806
22784
27631
6486
45676
34036
36755
7860
30158
14538
5177
24719
4307
37348
19996
8080
31383
6339
31509
10581
17875
10484
49650
18780
26578
7496
29773
42609
7063
39076
46184
38283
34803
802
43385
36934
12560
36941
10388
21171
36186
40969
4075
13593
42513
4637
34925
28254
48365
8251
18331
30831
43024
28381
30499
21761
24327
46972
1057
20422
6263
15854
1935
23195
44416
33790
14983
42936
45126
19589
39900
2892
47298
31492
46630
17495
300
25461
22814
21824
5627
21262
28916
32357
7360
33240
43697
11610
22297
3567
12748
32927
4949
18857
45424
27567
24679
41504
12877
49
41358
47394
49686
19621
49472
35087
25884
30184
47056
37214
7223
19891
49870
18996
47834
43617
7184
33316
37170
43923
4998
25911
29503
32762
31269
25018
16726
22460
43431
35926
40183
11422
11784
2679
25132
49205
15882
38575
48486
49336
1656
1980
42200
9200
18724
25640
48822
13646
33887
20513
20946
15446
1974
13408
22737
31876
670
4752
47869
9162
29332
40651
44166
31793
43871
12189
48783
45074
43134
47179
44714
20560
14821
20071
29787
8634
12842
4940
21932
44294
15413
35902
6007
17814
9616
28045
43771
41545
44711
47274
21967
5876
24322
18513
34173
26333
30707
9249
9291
10645
42646
48292
47259
34311
23899
1792
9671
1172
31053
10183
11039
27387
49742
3527
34325
18587
34832
37098
41854
37012
28114
45412
45217
2575
1173
20156
43677
43960
43925
5742
2491
7670
18984
20402
32961
45044
1152
38947
16796
32219
795
8910
15558
32060
15296
2277
27099
24428
44310
19030
933
20871
16139
37685
33036
5102
14270
8615
41189
49775
12723
8467
37677
47073
48586
33519
881
31893
10246
46293
27505
4136
9198
12135
41062
10456
35420
38121
5825
16680
32098
5064
14963
47241
41237
6139
21507
1286
12055
49983
4765
6680
2375
10236
35693
15832
27591
41352
30789
2983
34218
20911
19987
15762
27272
31235
31130
33983
43070
19629
27888
34762
31680
18877
20847
189
31998
22510
42797
5425
18863
36094
28689
19080
25967
16135
36201
10707
2060
44472
35863
16424
48445
47672
15781
11141
32947
26213
18740
39896
46145
28765
13069
33949
12754
30863
33722
20361
17748
44282
13079
3662
49396
39500
43046
24926
1380
32738
38538
12267
14705
29623
38643
18519
24383
39382
7650
32399
47221
35054
16400
45631
18535
30889
3533
46859
7827
16790
11519
13447
29448
31034
38542
8022
14869
20318
27563
18106
32443
4048
40047
42293
33810
25994
14781
37346
36209
42664
36070
10812
35848
34241
38304
25271
14851
24160
30915
37604
5790
24408
32646
38584
46324
5549
27521
13986
19437
38515
41788
37412
27217
33000
45478
48198
9347
21180
8924
48965
27992
35386
2665
24827
7423
18478
2384
26037
41115
33409
19676
18777
13950
45201
43691
31381
43662
15043
13149
42910
46123
43292
42486
33813
12937
1312
424
31438
32369
34219
6823
1823
48460
31387
32642
29279
24377
44644
16234
7877
2400
32613
5596
4106
19078
32847
15327
20756
41410
28887
33491
44331
30428
27019
11882
36682
14240
41032
33277
28976
39083
546
14375
12036
1966
21325
5581
24674
25314
5448
21207
27565
40363
43223
36474
15761
16839
3571
48919
2645
48155
34040
49519
1987
31369
20643
17328
23301
13193
24008
18434
38378
20465
18010
45204
22487
1715
2211
3699
25740
11367
12858
31887
42284
32415
12536
31862
15332
11328
28961
19224
40436
21415
8320
45860
23388
12152
43805
19798
18898
27383
25147
21209
34577
22569
2736
44504
25116
11757
48715
16743
28551
39501
30218
49022
36693
37742
18636
2044
31155
4864
694
25020
8113
15985
14765
33252
24239
1028
713
26056
7701
11606
11818
25554
36469
44345
41125
18962
6621
33861
8911
40123
13275
42314
2712
42566
23331
10796
36748
26923
32747
28154
35612
13242
21636
13455
12722
10098
23455
39073
32188
7876
11353
33741
4948
8784
19966
20118
3963
34061
7183
45515
42826
23099
47541
2360
24233
22594
14527
33755
16812
48570
39132
49093
5772
18521
26381
49672
24754
48828
12896
25224
27390
1438
24522
37702
33667
22226
3365
29066
8744
13787
24352
37103
25255
37043
2172
5992
49781
6629
16887
2230
10384
36918
39907
44141
40778
49769
38560
42091
6894
27753
9531
45017
44621
37614
7112
9530
41876
17904
18613
39141
17607
5934
2083
42889
8256
20485
22127
20564
16456
30154
27338
31516
33077
18229
8154
37515
9972
29023
3434
18195
17725
42413
47783
28186
2150
15122
5356
15667
10696
8672
13366
28889
30637
9354
27991
48633
2373
3779
5834
17604
10958
35933
15970
19019
41182
46357
16322
6252
42533
11045
8425
10532
43013
30217
4989
39883
27694
16546
14752
42261
8309
29234
39250
19408
28602
46052
7797
18624
37719
15315
44448
22145
6448
3695
6650
23468
40453
9830
16198
48714
48833
3931
9394
11986
37810
19396
38897
49875
20766
11542
12632
20986
4746
23127
33450
46462
37724
26581
26906
19938
8241
6836
44871
4338
29004
39634
1426
22911
30623
3046
14028
16958
4698
27042
36039
15179
9706
25622
17417
27199
32936
17001
3436
24700
19901
11196
16897
16850
20776
35835
624
4018
14306
33423
27319
11448
25146
18348
8067
22573
22702
40742
45002
11392
33496
43749
42897
6243
34069
16666
44766
21477
36728
24491
22089
36576
29815
3284
27792
20013
30267
33725
9534
21288
21090
15369
15365
44411
9697
28337
36971
6387
40240
40549
20140
35862
21011
24702
6736
10371
38198
35141
49062
13288
5277
37950
45292
26210
25632
48915
45333
48495
11745
37196
32153
5450
45656
26843
32481
39161
39876
16284
23625
38847
28960
25905
28325
582
8580
10068
19707
4779
35868
9181
4350
8551
30308
38898
30463
8569
16559
15140
6540
5932
9171
6767
34372
2552
42720
25899
27213
13318
48800
18218
38481
22499
49016
21919
26142
36588
14711
37375
33806
28448
44952
8243
49543
14986
42277
21280
43511
46639
44046
43422
5252
6727
19097
5669
13352
32696
30904
41481
32918
42585
47163
33048
37839
30758
41865
35270
558
28354
27332
35238
30912
44315
5042
16297
9873
15572
24215
23169
31128
3646
32849
19351
8479
2186
2840
39038
12713
3923
3054
28910
26251
41108
39818
2260
36260
5437
15273
19473
9762
38851
14907
35479
24517
37435
25628
43740
10096
33564
30482
18670
3125
29656
47696
49700
14793
28511
3427
33694
417
11670
20491
9658
44998
12638
147
39884
41585
13178
20100
30508
38841
17912
19941
15357
47091
15627
36901
27288
32435
32036
10816
44853
23071
44164
39025
47888
49111
12778
30632
28106
8879
20212
17957
25829
27537
5938
6025
20211
42686
17774
43333
4798
38207
17336
46791
42519
46249
28428
48352
41493
31742
44517
27031
4736
613
31403
22185
24306
3247
44037
21331
5016
46087
38360
19403
26248
36101
23338
33610
28554
40460
47368
15691
42072
49627
1859
34802
30033
26425
27167
33202
807
19126
5619
45556
36793
10151
18926
41866
46476
34828
9711
25577
45268
39209
7586
8811
25922
45578
153
13963
37909
13515
43972
12777
866
26489
21537
17547
42655
49097
18241
21248
4518
43027
24647
40631
9737
11044
792
13405
31798
26374
17630
36699
24817
44403
48554
48795
13157
40125
10520
28879
20355
4720
35943
47849
46753
42749
44260
43221
36358
36897
41778
47185
39149
16352
36923
16125
38803
7962
659
41427
15751
28487
3805
1091
12487
43258
4527
39868
31535
5959
29367
41791
29358
49634
39460
18499
28363
42
47973
23911
45232
7522
30981
23645
15835
24656
41576
47025
23472
35825
25270
40356
6799
47535
281
38484
237
35450
35876
49733
3378
33200
27490
37258
17648
14166
26844
31332
4846
17327
3325
39146
2600
27119
10238
20306
7469
4819
32421
404
26617
36390
19149
9458
27392
20316
17722
32096
42876
38742
46010
21792
28057
6655
10439
43079
48044
6259
48932
44673
44910
409
14896
31377
4685
28252
10247
11472
1653
22034
5512
46625
18274
16403
47213
33773
33609
3812
15258
18940
30610
48808
15528
14338
25480
7294
28159
31315
15154
16324
9403
25028
39003
40435
11420
25088
43019
30241
9139
35891
21318
21290
14682
11619
24737
41503
40340
773
6002
37553
9134
44976
35928
19741
44837
2324
23698
34798
19689
34262
4969
29673
18632
41721
3766
4273
19677
19622
15224
11827
13825
28397
44666
28869
9923
35517
14483
17997
4142
28924
31364
5645
19046
45843
1609
2794
39148
28814
49198
39277
43092
16554
41137
41724
3432
46353
38412
48482
24122
14836
2290
37991
19488
48038
41413
8219
5544
19635
8048
32225
26129
19074
10567
47627
46419
35603
3661
39189
35591
40425
15084
15205
33604
14919
34889
39096
10333
21885
27927
46918
46853
37169
45804
224
18693
34187
27293
47626
9925
31786
49200
37426
15965
25547
1461
22049
21614
46284
11625
44350
39701
3630
25989
3122
39645
18093
39816
41702
34665
13471
2028
10875
6490
48191
4829
20924
48033
40992
5621
43754
26086
44196
3684
6640
36729
11323
14817
15665
24066
21170
13438
49419
45642
3835
16696
36967
12580
33897
35257
31206
12298
13718
30089
29650
9272
24996
11342
20045
14461
10040
46989
6409
7249
13120
39632
5745
14811
27129
37324
43767
22743
35337
28550
527
10069
13929
23352
37067
16226
44629
18063
16273
44054
45772
48458
15129
29131
18781
14810
49503
9096
649
14108
26793
8319
15962
44574
44214
23572
10881
19853
21568
29389
27405
43922
24124
9093
24795
29264
38343
39006
25497
1164
18856
36765
20226
29513
12443
39808
20082
6327
41535
4262
25256
24307
16191
29821
41236
18796
41234
33611
9184
33222
36505
14478
9881
29722
32659
46469
956
9205
33675
46530
42719
21594
11231
43671
8657
39016
13165
27574
1687
34689
2416
33950
43585
45821
24060
11991
22216
33042
15946
7881
27671
3842
2718
14169
29392
43261
6293
19453
37033
5078
19069
38765
3495
41319
32666
32006
42995
5089
19540
48692
32608
26992
10167
39484
37409
47747
30475
28452
1927
46369
10554
19663
16194
555
30753
22926
22786
48270
8726
32619
48741
39739
4610
37244
43348
34315
4662
8217
27608
21117
20917
26140
29863
120
6254
5056
10259
30855
33368
3621
10526
21602
49512
47547
13010
37590
7326
15718
27666
49707
27449
3420
44334
34172
32718
38181
31127
49332
35515
2844
19828
21692
44533
21847
40161
38611
7139
28423
43557
27297
15742
22214
679
40488
26895
16864
12978
48427
7922
35964
14049
38319
19236
7582
20646
1592
12863
25029
20048
17209
35743
3089
43862
32837
27925
40610
27211
47428
4479
46714
419
8889
20061
22931
8953
13267
48694
14675
45590
2625
41514
43897
48778
37712
27592
24744
43655
31295
35505
13104
44181
37607
32273
5206
30712
48025
31749
28586
19956
31430
26661
23614
25952
35607
2620
4167
669
46177
42570
26208
7419
41802
7702
14302
33545
14029
26960
14285
10692
25442
48278
49090
37832
48056
49591
46713
37741
8799
38342
690
21417
23042
16342
44943
22409
38927
3974
10019
47961
26096
20098
7964
20072
19360
30277
33672
29709
21426
587
46214
24407
2224
17572
3924
49134
18048
16820
23179
18912
1044
519
19704
20091
14605
43703
19933
29627
1156
32763
44812
32137
30692
12120
13158
37908
34933
38671
48653
27536
34010
4220
42605
42833
9599
36530
35642
15982
45089
4231
12256
43167
41610
5232
18255
30546
8224
20837
37883
20431
16111
37189
32975
15221
41754
38136
23593
31999
32587
41385
488
7680
34553
1240
48209
17730
26519
906
37013
23971
33081
14498
25892
23926
5382
14181
11584
13473
8070
15062
1343
25992
48164
8814
7328
49430
40563
25288
6371
43985
36641
20531
22635
34544
31991
15061
24669
9337
46176
36791
21791
40602
44217
32967
31038
10772
48745
25881
30430
16350
33269
5586
10806
38622
16633
30752
11366
34910
14396
10766
46659
31794
48114
20760
5449
71
40714
36384
5178
36095
3001
4121
45736
28203
43137
31823
49773
25548
2621
29947
10779
7623
32144
4133
47866
41058
2576
1902
2509
170
16862
25366
16540
25680
26939
22914
39655
48536
14111
45244
34932
29010
9083
2112
8857
30527
36814
42580
32260
17504
36736
26619
30893
48074
25154
3532
48258
45193
32951
18678
24831
5265
40189
37890
20121
18967
27882
36149
19859
19303
25512
30944
6579
49228
2376
4243
27832
36198
46692
8989
41131
32167
40899
7206
9302
49370
1437
43962
8827
18149
42854
28417
12451
46854
40511
41949
18626
33449
8909
41178
32573
39052
48750
18566
5214
18459
32318
11051
31299
35660
15688
41248
12796
158
1354
18747
22457
22906
1099
5861
42312
11761
22131
15697
8405
48454
49416
43010
19567
35356
43145
41318
16929
49230
24360
43064
8413
4129
43210
49729
8921
34329
36223
11243
8508
17861
6919
14960
17537
23000
3404
22481
16789
10229
21298
46051
25448
36608
23176
9376
45421
17855
8608
24730
30140
1228
3698
21260
42883
11178
30631
16300
14665
32495
29436
14367
25825
2895
42389
34104
33452
4054
16124
21185
20269
39525
13143
25063
25013
38902
15020
39564
1762
47389
7616
6981
49459
11579
18583
10995
49074
33746
17013
45279
12382
35874
23189
34020
43246
3901
9564
15274
42593
14763
8663
10466
16657
14182
41837
27926
10652
13725
19786
35805
47174
40272
49046
603
23659
1459
42012
4187
26679
40463
43952
45741
8864
35678
2617
32792
44090
40197
27698
39192
15826
20000
15231
11506
38639
21786
28541
13168
24905
39295
41278
6927
45853
4586
21026
37202
38799
49513
29506
45924
17167
4822
5397
20337
2225
42990
19209
39086
47257
25054
21631
1390
38837
47126
5219
11779
32784
40067
27953
19957
35098
31246
34723
23131
19653
18760
43526
3320
45139
39524
4434
16545
30255
6882
22808
21580
15388
6401
14998
33377
22249
11755
34561
12744
499
35265
3192
35415
46166
13812
33621
47195
33063
7678
14172
47193
12442
2464
49564
3196
14341
6658
44297
19655
15726
42986
49461
34792
13776
10885
19580
37815
25470
35216
12368
21228
13938
36415
41086
47087
40888
7658
14123
6585
37745
46060
3058
1318
42732
7440
34455
19461
23613
418
15618
35584
30635
37235
41342
44712
20055
1014
45508
49797
977
7033
36118
30283
30780
90
28907
4473
28484
10051
12759
20600
34891
1613
20906
6096
31015
18492
21156
41174
22860
4826
13144
44142
34191
15111
36513
31534
46846
23218
18508
30761
38867
38171
33196
29189
48234
35795
30517
15784
46836
32983
21886
24661
36061
23702
17134
37427
4683
8137
14274
39935
13600
6974
17115
22471
26875
43992
42534
2326
35191
46508
32278
44740
34900
46624
23720
20324
34017
39832
7731
3771
37055
36632
44676
14745
49971
36584
14601
25043
3752
22301
46487
12058
24763
38478
24648
21127
21626
43141
44299
12513
49247
1674
44065
47106
8765
20519
45040
10267
14460
39775
10335
26125
43418
36524
46705
33652
48680
49715
48337
31644
46417
24970
7088
1985
34437
24379
18275
10753
39062
5967
32637
43044
33497
23483
38504
8357
36453
1727
30108
45519
27554
24263
13030
33057
41539
806
40906
14442
27253
19004
27354
42336
19341
11261
34864
40883
11920
27029
48584
21867
30775
22160
24208
7764
36558
12563
12684
32864
14322
8686
41349
13219
21738
28590
5950
43176
28084
49359
41710
33370
13241
8068
43497
2923
49501
11350
32147
48950
44128
26501
46226
2948
29676
47495
34520
40795
33297
19898
7270
20535
7007
10299
47651
7587
15251
26699
43398
18812
13311
20542
38083
30734
33859
41305
27394
6292
16046
14342
26192
33385
30023
4402
31997
4346
37250
37219
41803
7434
20735
28950
32767
23150
48355
18076
14773
35921
9774
37421
34402
14570
19398
36377
34284
23725
40642
33079
23527
18810
4667
45338
26204
40345
34894
26377
12344
26294
26411
580
1597
8293
42501
24349
43604
35823
39614
33359
42575
9857
8730
43716
15705
5088
17575
24400
9806
34078
3306
24844
2826
4372
30385
11316
24890
38585
13644
33118
31845
42514
3549
4938
6311
42385
40115
4841
40327
30885
48514
14879
22566
46848
33204
316
36596
16652
29681
8587
14383
14904
42036
28220
31606
46080
5136
17521
9077
37360
39948
29471
1596
24923
1300
23997
19930
1330
24536
22025
46510
48649
29858
27057
6852
37518
37643
32154
15333
616
31355
4475
18530
48412
40043
34351
18413
5947
17738
22789
41532
34473
28722
16637
21592
23306
45238
38865
43779
14062
38500
35029
32343
15657
46832
9945
46599
27007
21876
44942
24867
18007
17110
38911
23178
11612
34475
4235
39079
11017
34685
32687
18922
42437
9038
2062
38917
31337
13680
41775
3110
3383
17189
44869
11935
9617
40646
41749
41618
7644
31255
31316
13299
8638
3419
49553
35774
15268
21319
38430
39433
34084
41852
3743
42554
11541
47958
28762
2767
41650
27716
7907
36421
10263
17979
35703
15534
1212
19522
30552
45803
38546
32214
5075
22038
6612
7571
42066
37376
23533
27497
42563
16512
11439
33563
30261
38749
33788
49832
3609
6232
40072
26206
40649
43078
16014
33104
36345
23939
35259
26695
4910
3424
39806
11009
10854
19521
12573
6668
49818
17569
33689
49563
7008
29753
36790
48749
42680
2705
24714
16454
38795
37423
18512
23832
48398
17727
48704
19489
9629
42807
18776
15948
35994
44174
10951
28196
24551
34261
9204
32736
21109
14704
48510
33502
24740
36647
13434
29849
46841
3222
16840
20809
9844
40088
11285
25382
30627
6386
7525
44097
30331
35042
28491
48855
28123
15240
47533
18779
22530
13512
5949
22385
33459
9482
11933
408
26064
47861
13818
2960
35134
9361
33062
29631
19426
47175
5000
4886
20267
11378
16296
451
15967
47249
3574
15064
20067
3068
6966
40303
27929
37792
29132
16207
33046
46961
8214
43283
34453
6994
25523
13362
33597
31488
32677
1320
4806
12656
18118
16940
42265
18569
34344
36007
43959
34066
16739
18032
34258
1969
27544
21551
15805
711
23225
47572
15716
13656
1479
26005
40304
4032
37014
10331
37628
14592
19771
24664
22783
20977
40147
10186
29122
35286
24229
17385
14089
30699
33807
14638
12822
966
9485
18908
37064
11637
19110
27593
45917
43117
26610
40767
49887
6145
17069
8437
8968
22264
6329
34934
36725
47581
13131
15008
47959
35106
3541
37763
2763
17313
31772
21136
29069
10984
18293
43382
34952
43034
10957
29001
44078
49108
36917
30604
3751
5344
8116
1063
30005
5943
37968
27188
10181
2355
22570
18314
31613
21440
12049
6824
1151
31841
13697
35500
45274
23670
6590
9239
1982
45835
48780
27102
4759
31468
11010
5394
17007
34011
4210
42531
21064
299
26651
38507
330
26366
43321
46274
24941
10562
8797
43516
36424
25993
10948
19687
30238
36448
1123
23907
43273
40227
15714
31937
13934
49153
31721
19712
43607
28149
1549
43563
6782
26811
28577
44513
44430
10358
23047
6451
4420
5982
29530
49845
33259
6484
48803
39228
8349
1837
23743
49495
33164
34024
46934
29123
579
27871
48509
21147
40786
24671
7867
37419
7661
29703
46081
43761
1239
49756
46347
39539
45350
12019
36054
24397
36427
42659
11714
27963
34279
8069
20326
20382
29056
42011
41857
22598
1862
31666
22354
8426
8079
49446
39488
26917
8315
6691
44167
41098
36442
35342
894
49562
25350
23570
36018
24944
20707
2403
16092
47383
29820
30579
40238
592
16416
49577
10939
15582
29777
9568
24567
5286
42916
42481
28387
7500
38335
7398
5076
41700
31501
14521
33027
22317
13845
5935
41739
18147
27462
41140
26324
4601
18227
39381
24794
6527
28136
25758
31230
45617
23432
19788
7941
19165
42692
13412
5916
32427
431
15204
6861
38877
36243
22952
47782
16134
48203
17450
22628
6368
2731
7837
23571
221
31768
19600
18395
215
15348
27469
47237
48863
40410
12201
26930
41694
27846
18341
9956
29300
7182
43775
14494
40120
8146
5833
14451
8567
11989
41510
44496
22397
36779
40232
7157
35985
8947
42940
47542
8030
44066
44651
964
15482
35165
38757
47744
42069
14486
16002
15227
30754
46169
34136
36064
15364
27228
2706
46801
8553
7948
47483
33331
15734
40032
31936
8943
10913
37848
22452
17421
22302
38850
13205
11085
11027
2426
1580
15616
22716
24526
1415
41951
37385
47079
17392
44175
27163
22105
2884
14015
18368
8462
47686
7054
12098
46829
18834
29731
24755
40138
5057
46220
49658
46645
33201
17870
3368
1657
683
34951
36519
2898
18702
22299
15501
6443
2554
22649
31349
5117
14539
38649
25329
2122
12264
45536
39077
17588
18951
39371
39665
1001
38586
25493
610
37087
8824
27704
32342
26903
23853
28740
33966
6715
34635
35123
12027
26006
38660
29091
31193
38483
16023
13118
24328
19433
38858
7271
39281
39397
21113
44648
6825
10868
2241
2855
30745
38112
25149
45060
27074
16855
1236
40517
25828
33244
10717
49172
39962
5852
4250
46904
47767
40459
2233
47593
31390
25165
43042
33015
14803
47109
28155
14513
41607
16442
30175
23280
9538
40674
27131
35719
93
32019
36148
19164
19136
46652
6197
14397
21728
15903
686
46234
20812
4399
33461
28639
40010
6103
7908
21607
26995
33309
4898
20066
39266
32335
40585
35749
37123
17034
31386
375
43633
37227
29723
16976
36463
30602
47429
3387
49778
45444
34948
44897
632
39605
26085
15354
27669
47713
675
27758
17827
42662
6117
14263
37371
20186
34292
46991
9380
42208
30807
28779
45655
38413
42613
16728
11556
1963
9720
32522
47954
47935
19008
15169
44890
26833
10469
49302
46628
9443
21366
6111
8728
25119
28307
12172
7093
44679
3846
14267
38741
35326
42441
19715
14334
27789
47510
36696
6742
30280
5737
22800
26097
10964
32944
28947
48515
13885
31890
28187
33203
13895
31830
18115
22514
8902
27917
13887
37828
27579
9201
627
10994
32618
30042
28103
24416
41851
37172
22006
22747
3244
25454
48923
9723
38755
21216
2894
41740
12489
36258
48759
14996
6112
31186
47776
17324
17952
5732
21284
12472
49055
24014
47772
37729
33343
38673
11395
42972
5364
24147
4690
26626
31892
9684
43170
26475
40136
9894
17832
14686
37395
48836
36075
2247
18148
20487
48894
23873
4285
2808
17192
27179
28948
28676
22358
14087
26014
13711
9203
40249
29575
8385
30816
41363
11078
28395
43185
34193
30272
48007
48096
35845
26122
21363
33924
47017
27351
33524
40431
4437
22455
45261
7944
28362
811
47980
15708
6531
2492
47991
28334
567
2436
11626
40736
9550
33830
42301
4322
26298
5682
1291
34852
36544
34400
5769
42548
28626
329
15057
44575
13669
37402
23516
31147
9771
34693
28399
10114
47789
47841
24445
47013
37907
9598
46219
16369
24983
1575
42142
17340
41977
9080
13830
44720
16772
45855
14110
31872
25423
36921
42020
9368
43570
8433
48157
19549
43581
2831
31153
17564
42614
19585
15539
46206
19749
13283
10028
38852
33576
28918
46332
34008
8886
11595
19387
26403
7656
10919
128
23834
34
14313
48372
20815
6366
8977
491
45182
44531
48329
15731
15643
47319
25130
4426
35202
18288
10149
6504
49816
15356
44599
40960
20271
32829
7090
28013
47659
7175
43249
24572
49654
10777
11668
31212
1611
14384
35237
45645
27670
48707
49857
13577
23251
34655
36873
23094
21713
47639
42042
4687
7992
30037
35102
3705
42327
25284
29653
6321
30783
28042
35621
34318
41683
696
39024
45475
49011
33111
34231
3443
31511
8203
49585
37028
48875
49289
47537
28078
38732
12993
39227
48541
45453
31159
5922
33970
28261
26865
33926
37046
48092
41486
23329
26469
5097
29617
11071
39758
45259
17380
7824
31447
23110
5829
16328
30200
25655
16646
1017
29663
30198
43845
13579
7208
18663
17674
30629
32104
8898
31446
38109
26147
21634
28076
3157
30169
6214
1961
12176
32538
22363
17834
41120
36087
4481
33518
40479
20538
26548
43132
46766
5239
41103
24650
23175
40309
32508
47588
26461
27605
29060
7189
17329
1199
37605
46922
46932
13539
33432
28865
38297
49515
15595
32388
47361
19118
26535
3107
8868
39116
48569
44305
31464
39722
5559
42038
25579
5802
17847
16355
18914
10461
43664
46058
10887
15225
4686
5077
509
48401
34252
11000
41256
306
20983
49822
29906
41394
33634
14882
46906
15472
49034
48442
10847
2257
20960
750
49236
31218
17318
9889
20427
33736
11773
40746
5622
25664
19672
18
14977
7976
47933
36296
43971
10626
15212
27059
43361
13006
47717
42279
37804
19239
43047
37256
16084
1729
39403
5547
3223
44143
23380
17127
23411
23108
38882
16438
29554
3821
40229
18980
21056
38581
3449
28064
4663
29470
47968
2351
10838
2017
19050
41638
11391
30756
48548
24991
22024
30909
29098
11014
35856
23657
9776
39829
21078
23893
31561
8103
24891
40090
8919
8378
37850
47766
37174
29836
5499
40539
24639
29901
29599
40905
43536
40416
14518
5603
6706
14183
27111
33494
37221
16274
46223
14276
11123
21463
21579
36662
17805
12631
28647
17278
36382
29006
23489
8445
40218
4678
1153
49581
34937
8033
10544
22125
43641
730
31485
48389
8560
28014
37844
43028
25205
13097
25812
8481
40680
46279
22448
9887
13195
27337
46350
26604
48004
11836
29553
22090
30369
46633
34646
12816
15570
22904
31048
49556
39578
18240
6211
4132
12827
21565
1093
25737
5543
25988
26614
10716
7498
18791
33154
20629
268
24641
3605
2023
45234
49592
2681
6004
29853
7283
2222
25380
442
13721
42904
32671
27530
25463
48959
32376
5534
30245
15604
17033
28016
34163
22202
10441
36481
15615
11725
23532
27994
22437
244
10858
35903
22792
43087
47938
766
6394
40397
37751
5564
38519
34728
5775
12175
28060
21795
30536
17463
11932
22064
12871
1213
33756
25191
17099
3600
39582
16989
44178
40318
39514
40171
43201
28225
45774
19568
33253
49091
31726
15698
41307
39607
3513
2418
22251
14663
20753
28826
16842
42896
18443
26076
15269
41076
5926
40353
28047
49300
12621
21683
29696
18024
5036
8777
487
17744
19512
34000
35115
5777
49030
45370
30074
29803
12432
26555
48177
12388
14669
41197
83
18989
7689
14563
22754
17787
31092
46699
14791
7395
21121
5471
34309
29982
2248
31989
5112
8703
16310
44201
37280
3818
13705
17154
19212
24566
42136
17789
9323
2838
1643
16362
19269
40444
8362
18575
45252
40005
1460
25919
41899
35724
16773
34217
48936
44920
45988
36565
21174
30356
43712
35095
42965
43484
17073
604
13639
20372
33713
12208
19509
6281
29411
26528
39485
26072
14971
19420
3102
1737
21652
150
12821
17711
7163
28211
34521
34301
2830
34522
762
36387
9556
36550
42322
10998
45067
32758
47029
6029
3363
10381
17598
2745
33091
48136
10003
12125
29850
31519
22147
44465
27916
32697
21102
15100
18333
45913
26045
18320
47786
31730
43832
13008
11816
18339
38545
42264
15771
33322
12650
290
21410
35347
42963
40648
44698
25209
1030
28859
38174
20973
30458
16453
15630
19743
36969
3863
35709
28512
22859
31864
17342
44907
33749
14018
31171
13633
46140
24409
38828
48634
40979
8072
46559
30727
20167
41570
41451
47698
44866
36642
49963
31986
48490
10139
46813
3376
31328
43460
30461
6839
47927
17637
28516
29630
24974
8951
6567
11205
40884
9160
10370
27894
26952
21348
3385
13011
5128
1923
29096
38672
16000
7199
20360
18364
31220
2409
19365
44964
6438
29484
4702
17519
38026
36013
43052
32431
1038
37403
40983
21286
29408
25234
904
6301
37183
4208
16106
37610
22369
19618
49991
42355
42521
44954
8477
31580
46151
18813
29829
37134
30384
15972
38011
36251
38866
29645
26815
2356
41061
28226
41520
43105
27691
30759
36483
42377
36257
23327
4154
29183
28866
16248
34131
36196
42223
73
38403
9157
2787
40186
26233
38529
46710
24883
25636
43219
31480
9786
33521
34692
29662
30770
36556
8313
27807
17465
46209
33751
25743
43903
18376
37268
1838
31525
622
380
49181
14768
31594
19507
14297
39911
32471
49217
25122
22762
28660
33793
44880
16607
641
11998
22975
17993
20399
15352
42466
20396
11434
15376
16949
46420
9067
31669
36935
5173
18870
1022
48149
3787
2393
15102
23097
168
18289
49637
31291
43309
27232
22065
8739
20683
23211
12155
15747
11867
1665
1764
15937
2657
48419
48040
5348
9022
47670
3612
49044
43777
11976
1768
639
21852
2994
32205
7022
31811
8740
33231
28954
26534
39172
14912
7401
15694
472
13917
36708
39326
8262
42023
36412
43680
2737
39626
23983
33556
42246
33422
1079
48997
31487
42160
4113
24068
25732
41191
26820
49593
8414
17931
1171
11723
18158
20993
1180
14391
31120
34583
22231
9818
31012
16170
21675
38808
3115
47248
29800
29610
15602
22626
41903
48019
22687
987
25997
18083
3020
36346
31985
33329
34356
7579
9263
49710
27398
15764
16608
42300
38292
47898
32516
3563
9141
11918
31076
31228
34409
46443
8201
43503
9572
3159
13982
29564
2178
4209
23722
21339
12274
1595
38640
26049
3528
4812
38829
47701
22806
4900
38961
8289
48630
37000
44070
9357
1677
4580
17754
4216
14103
49488
5689
38669
33812
46031
1477
36379
36559
45056
24490
5099
2468
47682
23316
3281
29171
6801
47424
44010
42885
48602
16800
41160
33919
1842
45512
6349
34254
3445
24946
21741
14475
31608
35810
44987
21670
22184
3553
4138
37199
45051
31119
7873
15579
27489
43917
27389
35849
43977
36633
13585
16374
13550
9248
33009
21476
3112
25975
34789
46509
49048
41553
29805
17782
27227
10468
7013
19138
16119
41681
28404
22456
31600
26754
40457
4513
33617
32209
27918
19586
27850
16662
41904
8533
13696
41377
272
21224
3986
4597
38353
8342
7290
3626
28540
34863
12692
38772
11265
21076
33130
47957
27148
49099
22587
48906
28144
23354
20733
181
49587
35455
40806
13423
42524
15408
47103
35403
28955
40
47047
16315
46491
23056
40533
41270
24237
20916
9315
12711
29433
27859
14964
2938
26485
46011
16376
33843
14046
15007
32787
18353
40485
396
9241
19595
29864
9224
45838
25573
15440
8880
17544
29079
2649
6245
46744
990
2542
6258
30887
36609
22050
4189
9385
41353
48595
26466
17414
26642
36320
37649
24180
17969
6738
49807
29828
32932
46733
36942
41612
32790
856
30041
2051
48112
29330
10396
24285
16238
20549
31651
16549
35104
13371
23466
37767
17077
14063
43334
29051
3454
15222
41874
35295
14407
41653
3176
26071
7652
18431
20480
30634
7732
13101
32164
5579
40158
11671
46099
18361
40476
7264
22222
18546
37865
15611
48415
48386
7202
14585
38322
13084
33436
6848
46716
9006
4181
48290
30857
36551
39573
6141
1897
2738
30760
33554
15487
44668
42196
31148
24587
45221
23349
11675
20856
28847
26808
18412
728
33696
22053
20323
20343
38636
45681
10907
5212
10277
25484
24920
8736
3160
18709
6474
32282
41193
25452
39465
40588
14006
6982
13003
13333
28049
32532
13296
1533
1693
47208
21172
19955
5756
22468
822
9024
21917
12441
36349
45095
29258
20274
40788
9187
38665
14917
39056
38018
31883
425
20292
11453
32460
27482
5069
29533
4474
21769
48670
8060
46901
46076
19427
19319
4450
1036
29586
41073
43785
30896
32103
36721
20936
16782
17942
37878
46566
32859
18079
38676
5642
38989
17102
26639
40995
631
2347
45092
34102
31302
9339
7614
4367
753
10125
3204
37230
28027
5481
45410
35437
48881
29794
29351
22564
30321
29603
32233
28523
40443
23590
44043
24721
21777
43950
2663
23635
48253
27446
28293
41806
34662
3367
33629
8504
36738
42102
28456
10463
1405
7305
37537
2827
29080
506
33127
57
10046
40819
23135
6817
26714
39563
36636
43544
24035
23221
26367
38035
1956
40998
29718
21504
16384
23336
38208
28164
49599
43639
44340
3938
38443
14942
27145
14165
41589
47790
11638
2084
35651
44247
29106
800
40948
17858
5903
15275
13997
21435
23366
3935
31693
36318
42551
18291
14152
15009
16401
37523
47854
37354
7757
4160
13870
12885
44172
19769
3965
19472
9177
45957
24169
48734
21020
15584
22872
39950
45783
39280
47161
43204
35351
4092
6378
914
28153
14479
42549
33581
44224
24942
45907
38782
42370
25778
24081
9335
44359
40423
5122
3227
37359
6162
47173
26409
6740
32295
35381
5573
26416
20970
19214
24071
24813
2095
39521
13857
22666
21014
7029
42881
32336
11380
48771
44669
4832
25880
4295
9415
9081
45709
42840
4098
49413
29842
35241
24990
44203
28359
29783
49438
7136
29345
16732
5195
24803
22943
36567
49329
6021
44321
27161
37218
11913
10834
15115
27452
49697
668
44271
42660
36366
38062
9261
8960
14621
21438
47148
1452
22616
28816
36754
46185
25265
2971
8860
20411
47997
27058
28899
40358
44834
20486
41917
10472
17984
30651
10769
41464
10237
28607
4732
42394
3270
43001
38093
19678
32157
32616
752
14420
48885
33733
36132
9367
10763
38697
18104
37129
49412
42184
15070
20084
46845
3334
15787
44410
12420
3299
14758
4827
5567
47689
33126
41461
31615
3315
45811
25272
459
9582
48579
35991
1296
44197
40901
44413
8929
9911
27494
39109
40662
22841
44664
39256
22849
24432
7437
6179
2131
48119
7073
25705
41999
9497
21273
23861
40129
48244
27743
47339
12090
40461
29967
37269
29728
27216
25530
11914
4157
48792
45820
21622
43660
12640
18111
12916
35799
30426
42586
40551
27194
1135
40281
406
16786
4636
9068
42747
49937
12280
15461
43851
41326
35704
9493
20722
16937
34340
2891
36067
11221
7229
41885
10735
39845
35139
9383
15002
7454
39117
38597
9307
23445
36933
22606
25241
32994
44509
8014
857
31914
31324
40225
26795
4449
1831
991
5930
9412
23141
11707
11747
23464
337
33904
15244
34579
40758
38405
46688
40619
45904
48100
26745
48981
11783
2152
26451
21274
17223
45399
28621
3078
46378
10191
16600
10976
39801
22714
25069
27226
606
18027
23952
14436
38210
7603
22490
12906
42390
21700
32749
38336
6154
40446
21693
48375
5841
3542
30693
10340
45952
49178
43182
39746
23802
44226
12057
34623
33034
9016
16334
18706
26881
30097
49339
33636
39852
22787
37309
12232
31417
8105
20925
28633
29320
8017
37408
26517
16044
42729
25248
9884
25597
14469
17713
161
40042
26605
28492
6322
49494
25546
4971
47183
29827
23384
24347
42404
29270
9958
13141
7594
39716
30038
22079
11890
49239
43288
22066
42323
40523
30898
12222
25944
32911
41163
16542
46767
15030
19645
47018
36715
31479
17699
30300
17941
41442
35626
7497
25416
30718
9725
19095
19374
32238
44506
29689
42170
25310
3242
34393
3131
36157
5293
42402
4404
35380
21387
25081
37146
3396
35114
8779
3862
12192
25576
111
12517
15745
36813
8448
10519
30974
21598
22656
32226
36599
19238
39904
39721
36237
4190
520
45443
36554
24218
5993
47153
47868
35879
22607
17005
9696
716
12322
17803
43506
48989
23836
22923
16630
23199
43413
40181
46837
15139
22029
7542
39212
20684
4560
48655
40892
16928
31844
1128
5379
15973
15119
8594
17046
31543
17075
13864
8949
46797
45880
27357
19410
46909
20867
48194
48162
15651
39270
45331
18849
19854
42738
12
41065
6751
13766
848
41906
10905
30106
6452
13673
15468
35024
20537
35458
18925
21469
43164
37867
40326
44705
8515
32072
5442
20872
18269
24788
39322
11156
46724
46588
22554
21821
25194
18721
34658
42118
19503
40944
23601
12004
24332
40843
42119
23846
42256
2158
22735
28314
41001
31506
16634
39642
43420
31203
15571
7615
14437
18480
47176
49280
48618
32347
25729
24698
4815
38656
8182
11447
43566
28788
7526
8795
27346
8806
23024
30668
6849
10321
25471
47657
37595
12375
26593
44085
11895
25846
40743
3598
41365
38158
48494
49852
23855
19104
37470
943
17074
17455
27399
23519
44502
37673
16762
8607
31451
34057
32706
20391
19272
23705
19809
48310
31490
22740
1907
10530
12476
19400
30586
5999
39264
39749
43796
30351
2458
8892
42956
937
12564
34227
45342
533
10894
18545
10898
2605
3799
32714
17039
4520
32316
5022
26595
44352
14786
45251
19157
3858
14278
1182
5475
30654
2050
49490
24295
14074
26356
1546
22701
42112
15993
39208
18671
30216
38995
16857
20567
8749
24135
14151
7884
45374
44762
18941
25969
44953
28302
42793
47677
16751
9033
44274
2429
4476
9392
32998
1020
2068
27151
23085
13155
5223
43293
25039
39362
11842
33808
32865
46376
28037
11236
8295
636
23054
20909
31976
39518
11971
28374
5073
41996
1382
15543
34419
23862
4642
3266
15330
16784
21673
41373
3817
5255
18532
14606
12371
11406
34642
2764
8863
4853
36124
40693
16445
38680
15807
8529
13517
14543
48118
5862
10830
15054
29840
35880
42269
29216
40536
15574
30611
339
684
47370
27928
39662
19952
37662
3326
40914
19482
29790
25909
356
46129
12119
47600
26703
35600
47750
30167
46950
34363
609
8412
25966
6101
5281
42081
43456
27365
15656
36992
25857
2001
27954
25999
54
42100
40779
32346
37151
8899
26922
3263
43736
18163
44627
45847
29204
26618
4462
14154
39218
14540
1377
37430
24909
23845
24643
46653
21572
47915
33963
16594
27560
9103
27915
30503
23597
35175
25985
2694
15276
18814
27168
1368
22023
5517
28527
846
24015
16003
26978
17021
38477
35425
31298
25263
4140
9133
39128
44555
5583
19222
35473
48870
26650
29647
40682
1906
37766
23333
16318
10936
13522
28032
29655
31601
2143
35075
40866
34322
6098
49222
15265
11746
26321
32237
39323
37287
39090
46990
10633
31423
44889
11149
781
16313
34694
38555
9304
7994
33166
25407
37234
600
3877
44257
23488
26120
45246
33804
45008
45533
25646
34916
22259
9919
44808
36003
37233
27662
12026
32239
40689
27144
47104
36174
12225
45344
16272
9501
17752
44423
42706
37461
6417
48080
1290
5091
40528
12407
46438
8555
44708
5813
18268
25410
48926
11636
20077
29646
135
17404
8489
46774
38113
47493
28771
29082
8653
41375
38980
32976
4327
10811
17633
46886
27960
26118
47283
11047
43016
42074
21238
44187
10715
35459
30316
38645
30905
22816
32108
44859
45181
41474
30357
43453
25637
6971
23491
14023
19329
24790
33663
47434
22767
19752
7422
34422
20515
21186
1205
46028
36747
44744
38779
324
4331
38182
11147
23312
10341
41277
12234
9410
22309
24943
35170
11658
11021
27370
25984
176
16333
16033
40308
15228
25052
5304
16779
12303
10609
36963
25341
24785
22427
35355
16598
45314
17509
27909
19738
46794
31062
15038
8167
8267
17403
40865
45157
25962
48308
11837
48640
34799
15590
21146
32132
33068
14612
14330
22967
41515
21880
35650
24203
39420
19129
38540
20455
819
34836
36036
31945
8250
30607
31797
16574
41534
14959
43873
31412
38631
39961
28143
36618
13659
43084
41026
42484
25321
33242
5502
9108
39186
10430
7681
1476
35330
9579
4590
42334
3272
34330
13344
35110
31276
42510
9092
41360
24288
39486
32702
21422
40207
32694
20702
42148
23586
11522
25090
13756
6316
31361
30555
28489
38628
14544
20876
8476
9434
19123
7762
34486
42192
43565
9734
41441
32024
37078
35665
663
5493
37495
9175
47027
39173
33764
44155
46488
47332
48168
9719
17204
24481
30366
9117
8398
5618
29090
31815
28125
444
28878
11717
41730
21489
28975
28745
27912
5012
43841
21264
26579
27125
18892
38281
31705
6601
21650
3340
9967
49194
17574
22650
46498
32959
10917
39348
27371
11559
23136
15606
11813
23837
42242
490
32888
48674
47247
6191
24116
4629
9622
25521
9932
65
35186
49052
33858
29898
16595
40839
46673
710
28696
46065
30467
7716
23751
33140
36495
40464
7973
18258
29730
27114
286
36026
38903
3063
33844
22403
21093
6779
15947
28160
5795
38991
29714
577
45994
1165
19449
11444
38261
43198
41912
12575
39069
40903
25991
36868
18281
11108
13730
26130
40231
28483
38310
17052
42867
48161
47005
37193
23797
15158
13747
47775
39694
44163
16364
1275
40660
4114
46075
11249
40282
40945
6418
22822
26687
41473
32362
13888
27281
45793
20280
35032
47773
30935
30292
27326
19598
42741
26899
32502
19163
43739
28971
24771
7975
10565
23238
37080
31539
6099
4860
3348
13745
37536
7140
22643
11122
42555
8826
44588
1472
3369
24073
28070
34123
2210
43687
30550
45474
17468
7237
38450
31266
36076
15999
17112
38221
15241
10620
47597
33577
26959
38771
14657
43020
18992
11013
34747
2659
25533
30647
28442
21152
7518
42849
22340
29417
24046
22935
24165
34240
26107
6804
17423
2740
35250
31865
23292
37687
34939
18526
23795
17416
38932
47797
20797
49006
26047
43496
48151
11065
41491
25651
39106
1155
1997
44861
32476
46394
46285
16258
48280
30284
44338
24505
30776
13910
23596
49168
16505
11768
35755
32705
8756
4579
29348
45730
41932
25343
27250
47810
30439
78
29135
29616
40080
1779
23891
1204
18589
47451
5134
18750
19434
36592
28974
49849
1271
24692
39034
41886
8547
6186
38247
46584
14922
28113
9290
12689
43152
23589
35256
15551
12509
25203
28894
6533
26970
9712
33895
47035
9537
36954
47409
26457
5927
10606
2520
15153
24829
8683
7490
39159
692
8327
38952
296
3635
25492
4723
28940
42666
38107
47864
13388
15343
1443
45171
3093
27761
28044
19016
19574
39215
36966
37160
44789
23643
9842
27292
45731
14551
29033
37274
21789
13853
24132
38666
23084
34769
24869
39008
28584
23009
2422
38130
35153
47976
20554
6449
28951
37121
4807
15393
21305
7719
42107
635
48139
11809
10128
30822
7002
24748
16831
8195
19466
6770
38807
4174
4342
1513
23530
35601
42139
21072
33246
8965
40723
26741
8562
43828
33285
39456
5558
45030
34354
4088
45209
495
307
26399
9206
23885
33850
17560
18571
45715
36652
13763
18302
537
238
11112
21400
30185
32547
1929
34155
4323
35618
19832
17765
30411
11897
32882
25278
10295
33939
1219
27798
31622
30542
9824
39204
48057
8969
14554
25614
4790
46525
31637
23833
33415
6078
7153
36575
4625
31859
13117
45937
17490
16910
16127
49856
29232
41892
7145
35632
9297
31614
8866
45071
35280
6330
27014
24268
26879
16767
15987
9097
2299
35220
35183
6318
1818
20417
7899
44424
29878
47167
22790
38117
33225
13270
2443
7445
43682
26870
43625
8876
25344
25875
33053
593
44658
36731
44864
21772
32558
3730
6450
18973
23049
34788
3512
7637
15172
24006
23371
46887
32227
27234
38526
5711
42935
31831
48882
28441
3928
34310
24675
22970
12097
41888
25199
38303
13414
26372
41014
7721
28095
21455
42070
35272
17690
14468
48053
32461
16469
2627
31832
36285
40324
11019
30496
26444
784
20125
14697
3255
14188
6979
26905
19779
27380
36553
25805
42173
672
25301
49020
32667
2305
15075
4714
16057
48421
21566
9041
47080
13018
12385
40822
8040
31839
23582
5740
2364
45311
42822
5800
48957
35251
42677
16795
35012
44120
2047
2883
26588
40253
14304
11451
13526
28030
14761
43644
27720
33249
2069
33106
19759
250
14583
24561
43573
14809
33144
46731
28854
13946
45933
1940
1564
20822
36534
46880
38785
477
14393
8061
11912
30733
44136
9713
49468
25240
15074
13166
35734
1658
46604
6771
16836
40917
4042
44946
23155
46384
30096
46012
22925
2219
8045
48610
19552
13349
20398
43239
48975
18620
37615
45721
25311
30418
12878
5480
1947
38307
11082
48529
8144
33263
26040
24044
47357
38859
43101
25399
46539
43063
40939
37876
27681
14667
7957
41429
13945
8230
34667
12319
2899
14100
15178
41972
39953
2102
12855
39415
28409
25115
34806
28041
15757
33493
22534
9628
31498
24618
3906
14872
49398
34414
16356
48522
39297
26268
11405
23440
46232
452
40199
6538
10954
29381
15676
49542
45489
23840
4023
16690
11135
30303
46759
26916
47749
44503
14037
25508
23986
37509
8812
15384
11767
24375
48085
29307
23796
19795
4117
35092
2026
48284
8254
483
16859
31973
24705
6501
20895
25506
12976
1543
40331
40541
40068
24691
5735
30560
9817
26284
49895
18564
27437
5334
40050
38254
34113
241
8992
13457
19526
43121
35053
9429
4825
32344
41479
14226
10637
40157
40918
32551
12905
18905
17456
25788
39084
24836
20693
37928
20637
39202
18338
34091
7204
12275
43766
30575
5990
19171
46667
26762
39825
633
40299
10783
48061
26804
13286
18538
46231
29557
2668
26253
29306
20347
7494
25560
28367
49007
15087
10525
30641
2262
8620
18875
37432
34879
38331
43560
33683
40586
19006
42600
31752
15378
35784
16991
11229
36806
5743
30338
43076
30067
22986
42900
7487
12499
13560
17592
19887
6146
16553
39652
42467
4818
37387
24600
19821
6673
41992
33431
34492
10359
5198
12617
41110
26436
34533
45758
42788
43340
14670
23503
21640
4519
15328
6744
30157
2981
1015
13764
34876
36562
40354
34247
29854
48868
9520
6794
12708
46603
2863
17719
49362
10431
16499
38957
22518
35957
6781
14918
13119
3769
43326
24181
49009
42387
21590
44393
3008
11863
23529
13413
29198
2652
26674
42843
36527
7495
16623
29155
15896
15349
16925
30829
16939
13666
17347
1556
24741
43402
46001
7569
34209
3384
20157
34727
38713
32156
21181
32314
15943
27100
11756
4626
42369
6728
22551
22352
42401
29601
17387
3433
4745
4782
22956
13525
42141
47441
27781
18347
48922
19717
25338
13497
33768
24875
26585
1315
22899
28085
31198
16006
18009
30955
40516
46757
8682
28619
35898
41468
45020
32982
13831
30926
8631
1313
1733
41239
39987
46540
31807
35056
9615
29726
8488
20873
34298
45194
20666
45607
18326
28827
32007
16089
7942
9838
10059
3639
12347
40497
42183
40923
21446
47010
26281
41079
34704
45376
23212
36409
17145
19538
9526
20912
14121
6597
41615
33327
32965
44192
2852
11012
2689
34605
39799
28906
3718
37560
45543
17773
30121
40703
20642
1221
12691
13487
22360
20073
12220
40673
37288
43220
13651
30126
49753
11689
24597
3991
39685
14368
49632
47479
4719
8923
13624
49590
22188
39588
6887
2374
32802
1814
6414
47277
31920
10021
24024
33304
3162
7176
34830
16353
45725
27559
41505
25843
42865
25192
24749
36691
10771
10112
32284
34578
37843
18374
47505
5644
22608
14910
35169
3128
12922
24354
47333
28488
44529
41938
10479
31366
27627
24402
29889
43158
10035
24818
32640
30547
6136
17626
15821
48101
24745
10859
42577
4259
28101
14177
33234
35145
35931
28505
34127
15403
43750
4842
9773
19167
40417
23827
1446
37137
31584
11157
16174
39860
49334
20825
5758
41397
40247
11255
17065
9643
1094
32445
35048
30348
49683
26348
9021
31640
20614
44951
936
24655
29011
3331
13372
37291
10227
37334
25666
32861
48493
9618
7504
14889
42207
25162
23628
31946
31967
2842
39049
19951
26177
46336
11404
36671
36591
6922
35768
31271
43457
8542
10226
8384
48767
22044
46313
30419
557
11857
22067
16712
8222
26304
21727
8192
12719
2522
25747
8436
23044
18460
28663
21740
12604
22578
27872
29275
10892
20329
6543
29403
38627
48064
3908
9809
31829
48807
34028
25691
26818
24209
1984
8101
47454
7121
18365
45303
4207
23559
8549
9784
48565
7485
44791
49835
42568
12953
36582
28565
16302
49351
27422
32593
2054
1698
28425
34352
9120
25652
2111
24887
34711
35305
4847
4485
677
7387
16493
11853
45110
34684
8238
30403
17170
23780
5923
43306
8036
22177
30172
29432
16039
15123
22284
29985
12985
14733
25358
18652
47178
18846
39689
2027
35068
34175
41822
15980
22613
46513
6937
9402
16482
5043
29862
37846
22517
38762
18549
24139
39973
14114
29297
44047
30846
48804
8308
10086
35766
8199
34294
21896
33337
11889
44805
242
12555
41196
27886
40230
33602
475
33721
3738
17659
21990
42197
39644
1889
8286
39047
49968
46374
34901
16042
44623
23486
11277
6775
13668
42569
21142
33210
30671
16211
24240
24101
48723
44981
33005
31538
11177
25830
9271
32625
41609
43376
3149
49749
20305
5700
6279
40343
43627
21800
21943
47928
50
24427
2557
30036
32454
42356
43970
11985
8428
1416
48666
34197
24153
13191
1238
23585
24950
6666
25618
4918
3359
8981
14743
49428
35509
15182
38650
1981
4407
41423
16664
34200
18963
35671
12173
46211
12586
44703
28595
49453
8579
31710
43872
12435
5515
1042
39312
30638
27012
44249
19766
7347
10758
2082
41797
36541
25761
22898
16603
32679
38899
42303
6178
6716
25674
45787
46905
14455
39005
41512
11425
1184
46789
21599
42111
29539
11320
40817
27943
15929
32294
12427
2797
43313
39278
3562
13815
6228
9231
18235
42564
47599
37653
32417
22673
45248
5435
42886
35283
8453
17673
47496
25503
23930
29968
19529
22060
10399
34277
46421
20532
7291
46971
2165
22136
15220
14520
39075
41306
11721
29890
10047
32306
28806
20731
3352
28162
46475
7698
26138
8822
40895
11667
40678
22200
22263
3712
2116
12056
41815
11238
16843
32165
5272
24302
28468
41686
35648
17388
38635
17050
47556
40889
526
29278
36861
40495
18708
2965
21497
27821
28579
45337
15306
49521
32751
30276
29109
13574
12659
4234
49897
18089
25567
10092
5004
39151
33061
33428
44339
20551
28739
7524
10629
5891
6522
16166
24038
47270
36146
46365
33239
43621
2751
680
7232
22957
27251
31414
4457
44647
18222
37498
10508
26942
29902
38602
44915
13604
3916
32389
41805
27064
49989
45671
12576
1420
1808
11181
11776
29816
28429
33276
30917
21065
24945
18324
44956
28262
49437
35820
40870
47291
8964
43125
16289
26135
2457
27358
47112
43995
15685
5302
3469
34613
13441
22348
34359
10490
43751
37834
45647
35211
27434
46444
25200
46030
18618
1277
34729
19591
21221
23246
13773
2775
15928
27238
30690
22190
23416
16485
37600
14524
42245
49166
11571
36131
11032
20894
9004
14532
6475
18615
42828
14935
3830
39369
12089
437
17217
24282
25535
19232
11180
3165
24653
22394
2483
23364
16847
24825
29876
38270
14355
35699
48978
25777
26737
10141
37520
1989
41091
33317
31040
45565
22157
3595
16957
40062
2907
12901
2669
6587
9630
19267
10304
25495
8694
29694
42343
19242
28378
43366
28012
38574
48827
39344
25483
3224
5268
47222
10214
14908
17911
27679
26789
40963
11326
44732
7605
41453
7344
39294
36989
31471
1566
45959
33258
46009
36894
14324
33547
27164
40330
17809
1428
30275
34449
36414
30018
47850
24366
8126
42846
13658
38615
38154
2835
30995
12171
20740
38045
48781
46229
40198
44182
49261
30084
9163
4934
17526
14443
9503
26231
34793
41678
41099
4543
17874
48810
32054
31517
31174
45674
12398
12214
26797
4577
37543
14362
38709
8932
39013
35988
25730
23010
2942
33019
43482
220
47209
7735
26149
43039
7059
49793
40681
41581
769
41658
13246
5918
38834
24134
4062
23404
46536
33582
28344
13545
32902
17924
45973
1928
36958
46919
10234
30179
29751
27722
1531
41970
46382
1601
39690
44185
42597
30431
49212
34734
4394
30197
19785
30548
39839
12356
30738
13504
23587
4159
6491
33134
4880
46269
36312
327
39727
194
11140
29414
11121
21191
24372
7896
29478
13692
6247
12686
23351
31392
1555
23267
25397
36230
18142
35969
394
6619
44796
26943
21535
46802
24096
22289
19142
49763
951
43589
16582
36195
28776
5942
5511
13704
43996
3633
21939
29758
13083
23540
32744
18417
17018
29325
45378
6459
997
29176
49614
23747
22727
48914
13528
22229
34840
42588
17103
5093
31805
7339
44107
49447
23852
33868
3041
11492
722
36218
11241
22087
44184
29067
12540
17740
31284
12752
7125
10270
23988
43421
16205
21077
1465
48722
47984
16830
43999
48929
2428
36968
28589
16266
17550
20741
29640
47207
28366
15806
2240
46159
17449
30619
34370
21499
40827
23616
7322
13298
33947
28130
7020
8021
4170
47883
3921
41022
14913
41203
1530
45640
44582
39496
16375
38317
4505
21564
15585
30679
44800
3864
8372
36767
2845
26785
12831
25055
15917
7104
5215
45383
34626
331
31293
3701
46348
8369
5850
30487
19483
31677
31400
34134
22400
2142
38668
34755
13020
10262
44402
40422
2530
31882
12599
24191
15914
2390
46682
42844
10406
25353
8696
21903
49177
40371
34614
14256
16397
37053
22063
47684
21350
12306
48134
23322
39482
20137
5986
25225
34942
16517
40554
6739
4643
24369
31563
48246
22778
10412
1986
4105
48958
16345
48703
29943
2664
15702
41762
40113
11593
23999
28792
44604
2917
41819
37289
3967
19332
7187
36818
5168
43638
44856
44926
37824
573
18597
2367
9193
30676
20344
5770
13606
4056
6772
13979
49662
9428
32980
42925
43354
43262
30118
9695
24438
24546
27182
4584
31612
11781
8292
12731
22807
8455
842
21365
38328
39384
46612
38020
18737
30997
44491
29375
27374
20524
12183
47381
18135
37358
45460
8194
29240
32710
17692
32441
4645
24107
24519
49224
4507
32360
25067
48276
36221
48003
30737
29317
30587
38324
6367
27491
37443
13796
48841
4185
14185
14097
48733
15518
43406
1372
15426
44741
18649
31701
45493
32624
21828
30234
33131
24346
32181
25133
48233
183
13623
2285
2980
36297
31866
44118
30334
2930
39897
37135
28427
13753
16196
4049
6312
21268
6604
41590
26878
37326
6878
25977
12791
21817
14050
28375
45770
1207
10127
33811
42736
10499
7699
1785
36015
19031
11389
47899
21465
35318
21301
1529
24908
42388
518
7083
3517
49997
46276
28092
12367
7626
37437
32287
48030
9861
49306
8677
6628
14269
19296
39267
16873
8625
36732
41089
9370
45947
1909
11514
6376
33673
26084
45649
41200
48054
41755
13861
3468
14808
44688
25569
3314
98
13253
48582
1926
21573
34534
27517
38318
48272
45488
30476
14197
6347
14501
26068
44180
46817
17938
342
18614
33097
29583
49196
47329
16915
18630
3652
23883
18381
13703
30939
1266
48560
10235
15380
40074
11940
48793
24858
31814
17854
26163
26999
35290
3610
25783
9424
16466
7181
9896
28891
22621
34823
8701
27356
29262
26591
39411
39591
36770
25902
36677
44240
45636
43876
25120
34230
18993
940
26297
1850
29573
37350
27344
42920
45857
26738
34675
16807
2345
20277
40301
1888
21923
43892
29421
23671
17624
17991
12802
17349
26042
33487
7980
13015
1441
2741
14248
27493
20827
36692
21456
22256
2998
24217
8355
15905
18035
18209
32379
16567
36268
15116
23630
13029
24469
6446
36461
48844
31969
7082
49202
26455
21589
2284
48159
15427
35809
29178
45956
40639
44049
28932
44291
11698
34917
11980
32973
37942
26668
10657
12965
10077
49551
3333
17631
2462
23518
20905
20409
23340
5677
38133
1766
28752
35643
27055
32208
14491
23942
40624
7167
27412
9904
142
42620
19451
44087
41488
12870
42149
41472
33107
25103
35752
28966
38503
34618
20902
48451
8300
48713
29556
6896
44487
22095
43188
19039
30227
25437
14171
44379
3077
30959
42194
16496
39616
40702
9341
43991
47636
15989
10209
28142
15931
37506
30263
10619
17076
1108
42317
25950
47518
3191
28678
24353
11900
13001
18325
24594
44584
38758
28112
24378
17082
5804
19976
23276
14608
25930
41657
864
34570
15120
25136
25219
30914
28881
26973
9634
7917
7413
25413
23592
6338
2124
24453
27534
27485
35273
4930
37776
47837
34454
46311
19059
43091
39224
23858
18904
45778
42027
26673
3140
43734
41304
16162
23962
17350
11155
27989
13113
34482
7274
47340
29529
9638
12654
780
11551
8081
3824
11777
3763
16252
39107
33723
2631
30744
38069
27093
34808
34906
46940
36306
25024
16917
49128
8716
5250
24681
21920
18116
32410
16349
3951
21609
23749
42583
986
18869
42909
5879
30975
47811
2900
46928
24690
27271
24998
17029
6091
12941
35717
19119
15280
11580
2405
10511
1448
39702
2757
18704
2283
26628
44157
26012
4193
24321
6899
13260
16601
34300
350
34855
49281
21704
31617
1977
30827
15414
31057
14409
31871
28892
40732
9312
31389
30342
20369
10701
2232
47101
31483
42954
12436
32831
42057
44123
44773
8543
15808
40978
48334
47269
47297
38350
48859
30230
22506
445
10880
5161
28708
793
32267
37025
18371
39594
13993
10800
46698
49184
43711
40169
22430
4767
38227
27795
10345
5339
6758
30967
37222
31756
6815
21309
16865
44255
26136
11480
35636
22422
22555
3583
48027
28803
37845
17535
20388
22011
5135
6578
12348
13880
22992
34965
2788
37833
6189
31393
12884
14688
12305
15907
6014
30320
36102
40854
4497
1509
20457
35661
43486
9294
19517
23377
7506
34073
18130
7011
47617
21066
26749
12982
3105
26252
41878
40876
12067
38552
25529
30992
15788
44775
46891
49594
8422
41941
28605
13653
40799
2038
37447
40931
397
1293
1948
21988
29473
6308
24508
29228
34639
24266
36486
40719
34313
15419
18684
35560
10872
29965
12911
21865
5953
40280
47136
22579
9317
35790
25571
8360
2381
40965
2834
36008
253
47733
29904
34669
46160
46993
19973
562
36844
42976
26810
30755
45142
49788
1603
27988
13036
46583
45064
22243
22453
46776
18968
38472
29903
26981
43829
39361
18661
42163
11282
23713
1250
14364
20534
26540
49523
29167
30720
19650
35463
5120
33397
48414
34922
19244
39678
38838
45560
6685
14192
15045
23991
30339
12763
24695
43943
43744
34133
38563
11340
43802
3947
20539
36907
9094
19035
34472
25245
41075
43424
35546
41927
48884
13258
21256
31816
20204
11310
41343
36829
25062
30580
8742
28802
436
26644
17649
16977
11647
9045
8771
11622
8582
41199
23730
32218
10213
5229
9235
30683
48896
46732
697
22764
43300
38422
4286
23172
29251
3073
778
48895
6061
963
21978
49276
42275
27375
32525
47037
20832
9010
29869
34920
8104
42117
1374
35948
23109
17971
31037
7284
25610
29071
10197
41044
37206
26849
13199
39112
21895
30726
41856
39471
2715
6204
30875
49878
22155
39058
10053
37499
5225
15880
14770
48812
22258
35793
18276
40204
36518
7985
48743
9690
43667
36465
41400
13771
35246
18308
45985
42168
9061
17187
40475
2932
36048
41578
1003
9600
34176
16
33622
47204
18072
23521
18133
47722
48138
14243
14684
40908
1218
19179
37491
6564
28108
23856
9625
12598
43998
24163
23111
30365
10044
1225
38275
42735
29430
49702
45762
41054
43919
38804
20033
44877
28120
9112
9011
14732
27905
31941
34753
9209
8894
14676
32529
35474
37915
46677
12726
14036
11189
34853
2945
49473
30706
49716
48393
21008
1085
6892
12037
32807
39982
6464
11254
33690
35345
2590
9003
21200
34323
46640
20930
2459
8787
24404
21431
5994
4668
44012
47392
12544
41327
46096
23920
43114
38362
40711
36334
25643
26410
10665
14148
47824
42934
47041
15470
41682
22617
12333
21089
32276
17736
45532
15522
9702
4823
41502
13616
28877
13059
37265
751
46947
45555
47571
43857
29639
184
20207
19263
43451
7046
44333
40932
42780
34594
43973
33528
18917
20068
26026
24854
31110
19770
18555
12257
36831
13751
47527
8920
45042
27087
15400
15636
36169
27709
23772
40168
11152
12084
7272
28733
28836
3319
8062
21623
8055
22205
23549
46111
7041
14140
3177
41167
35764
29642
3390
15814
11507
2121
27587
6063
12987
43243
41629
30174
23142
34094
10252
14788
39035
43797
5584
47190
1068
11602
21870
49274
28048
25670
49201
34964
21523
24039
39447
22753
47155
4665
34897
25202
1222
41692
34327
29037
22111
9948
19862
2074
42491
14484
46973
47730
4892
29972
39153
6678
38390
36775
37366
7298
35872
6783
30788
38740
49743
41793
36406
3669
29387
47578
15329
26102
17079
34757
32731
39407
20499
31003
25174
18866
13998
22755
49075
43384
6348
11289
48267
42774
43791
23507
26641
42278
20790
43787
22287
6854
44872
23227
8613
29447
9173
1652
25976
24919
28438
39709
27472
29807
267
30317
31100
27843
11726
25488
13277
42713
4000
35369
14372
46036
16415
21954
17407
32603
10445
16158
45527
40359
39952
18489
36386
41255
30750
43272
9667
19002
19963
26155
13358
6570
5052
13939
45130
44541
39271
9216
25551
658
43921
42147
41337
14223
29607
30613
9645
34016
4365
38928
28921
18184
41782
8184
46146
43889
17784
19012
43049
20043
11120
1314
18731
48012
19436
31855
11417
38999
34274
12297
34691
15720
49389
49534
28151
46992
13920
44419
34966
47576
25744
1323
41177
1959
38814
49802
2765
9417
31277
32834
11438
37972
12299
3627
48496
33748
5080
2268
39583
2145
20282
9461
39517
20516
22759
7035
8406
12915
27146
49381
34514
13731
37042
27316
31560
35324
5297
20971
23226
32526
42363
49889
49768
32520
2255
3285
48872
24059
48086
12316
12845
6592
16869
4046
27712
6918
17883
41403
21227
1203
320
36037
11214
5378
22916
7779
18425
33022
34367
38642
26883
22444
22818
45428
9974
39448
28782
33865
32378
39733
14327
17634
32059
11942
11553
44287
22374
37449
43619
31769
3349
28677
38180
10813
23734
37273
45546
44815
15184
46622
22736
19627
17360
32354
32712
23469
12081
49688
3907
26207
18903
47708
10767
36857
36995
38071
42856
35542
26822
3726
3004
4007
16193
11874
13368
28066
11330
40909
29551
27561
32930
35263
17196
8112
458
36327
30427
44932
39155
44747
34291
10655
12038
1005
39330
1953
16066
25974
24632
21188
8577
41660
12973
47040
43891
27003
43411
36289
6984
11369
20653
22725
43074
39556
34222
49360
13871
42760
46820
37480
33095
26413
13364
32916
20179
8883
8329
17844
36142
20187
32026
36908
33481
19714
21940
12360
46772
4369
48131
6087
11477
39358
48835
41887
8650
4942
37321
38826
27641
17451
12000
6812
14717
34331
40139
6756
9333
29779
7006
9965
28134
37068
49760
45795
7478
39494
31504
46013
12761
13074
3996
5577
5101
36500
38398
3416
22113
35551
44029
4019
31056
32299
39622
6934
11868
38424
33158
20709
46077
26841
23453
7014
38682
10862
12060
13247
43054
11728
47077
49711
48961
26558
16487
14599
8071
8984
2538
45615
32270
9585
46842
25794
38356
40150
15799
47658
9257
43230
23454
16649
16329
33388
33798
39651
48736
35721
35413
16032
17188
20755
18929
6357
18249
48031
26113
47265
5562
27616
22085
35156
49121
44486
5461
9065
10313
23526
29602
40871
33550
24221
13026
18411
10713
24969
14787
41674
1650
1716
25290
13182
9814
40310
43305
16133
4264
18214
42472
16756
9981
620
46224
21269
13742
16723
10503
8887
3865
46691
10515
37297
45153
47415
13769
42433
32201
5988
11365
40877
25803
38278
29394
2732
31586
7596
7024
44888
41439
49081
34580
1167
8209
24949
30798
22523
11029
583
48632
39933
36749
24834
22346
37820
44646
20963
37860
815
27907
28667
30061
28685
6215
43452
31339
49692
41228
41133
4695
20370
46687
45786
17928
11001
47335
33115
49199
49695
33205
30069
46704
31909
20541
49451
4944
13867
33702
29491
32450
38159
3029
35840
40243
41
49303
35299
8152
41090
3145
24190
3975
16882
38222
23123
25820
25648
21034
18999
5704
22768
22676
47303
34324
34039
34086
16794
11020
40250
13592
33306
43412
21458
48214
19205
49101
42726
10188
12571
48193
1299
381
39143
48921
43284
1484
49353
29527
22592
2358
19746
33784
39120
40668
12557
32601
4229
29911
24666
47746
1524
596
36716
3087
41436
38667
42083
31470
18407
32286
34860
26750
22485
9504
6116
16187
34741
41292
30148
42787
20864
492
1932
26933
17937
32720
43867
44316
13460
27904
27033
32855
17701
19153
3440
5878
45624
48236
5616
24563
48115
39276
24195
30332
2476
35335
31296
30400
8660
37473
49500
26360
2992
9685
41158
25833
17289
5105
20321
17024
15815
14257
27762
36750
25059
6553
15486
32482
32574
10084
3094
41401
6575
24873
12174
46271
14314
42859
10410
16544
14068
48764
27651
27495
44723
20961
22209
10965
47284
39997
18872
33425
36827
39459
19105
25179
15458
5310
36281
23841
9853
31103
40576
24861
38527
4393
34374
46190
21380
29595
12512
38090
12449
48052
6026
34003
28794
29760
47815
39074
31676
12970
37492
47605
26632
7825
41676
46902
35561
26087
48900
45143
1721
15842
31995
31707
48699
42009
11481
25855
19287
14187
27294
33929
48971
31330
19336
1468
30524
13063
12523
4011
5026
16993
45304
5267
35465
33121
6949
28068
31117
38388
29449
18920
31190
21702
3126
3899
44415
37246
26994
10350
21794
43834
3758
23715
29749
30355
8904
35760
47240
41840
33990
13106
26537
6698
47628
34738
37413
21378
16523
10832
22469
30166
19125
20192
20546
1516
36983
1305
20868
21767
37504
3219
35946
43245
14522
5734
23067
7551
693
49623
7773
25342
43729
15760
35149
40357
14921
14107
42308
36294
19926
9535
32348
24152
29233
25168
14410
34348
13014
37952
31411
32456
15430
36338
25056
13964
19475
44637
14656
20592
7316
40165
48420
31044
30104
1620
45682
27993
13909
42371
40295
38890
38966
10362
22857
38004
45103
10856
23180
5545
30557
12676
37382
31420
12342
38111
34645
14303
34504
30008
33162
17394
27231
49141
19203
24555
32095
16025
28303
47433
18012
13436
46393
12849
28630
47950
10457
47108
1979
34905
5791
18751
45490
44958
27683
15505
3944
22118
46771
24989
35853
25791
33921
34171
29054
22820
37367
869
47545
1169
47212
6466
13326
4701
19188
26972
47358
19435
43008
9217
43370
41006
41928
23288
35691
34181
49328
19311
40957
11799
31598
11230
27728
14862
33625
31833
6519
17126
2316
20705
20081
4650
37391
27585
49176
37511
24026
41325
4197
37232
35763
20941
31199
30598
36768
43556
5880
38395
12629
26589
48360
47384
5084
42188
43310
9251
6907
10602
11274
22399
48037
30583
28896
47437
20791
46074
4961
40163
13881
10082
42795
30409
26439
9366
26557
4722
21005
12092
5789
35712
1278
35223
37459
26829
22863
6904
36552
14850
38908
4537
20813
14010
29546
3945
24202
14239
3731
40577
10855
40688
18828
39193
42061
6404
2735
26612
46238
22002
4145
14561
6863
35892
41017
38818
45436
40349
9597
14357
44124
30299
28580
43665
10737
33476
35284
43790
45826
29915
7193
32129
10691
11337
27127
29734
38146
16147
14766
897
43116
40337
2447
49454
3138
36391
32542
27582
36041
21977
36121
16288
11335
109
8841
15791
45874
43987
25102
23418
9047
26839
10075
47081
6345
35888
16079
37774
10353
45150
44133
28389
2849
9612
13631
247
31196
15033
2815
1719
18945
17992
31476
41067
30180
834
33945
46606
28829
24951
11788
13921
49696
38067
42416
11418
12587
13990
44949
19274
13465
44451
6131
5209
34498
23121
14945
14975
31982
15523
13370
11931
33913
42306
36233
27745
13200
18378
427
47925
49969
31660
32230
10628
37561
40774
6690
34676
9143
12094
49673
3275
11939
3316
35428
14993
41313
31327
435
23332
37672
25105
48224
9811
6498
28592
8325
5228
13209
12766
32409
37866
39409
29798
24158
41379
18833
15960
11374
10978
30531
48518
16735
23326
21357
34316
28248
11881
25394
32779
49251
14280
42089
19877
29698
27514
28568
44746
37931
3979
36490
2572
33705
3608
31323
11373
43094
25262
10975
34794
47406
16658
49994
10955
11617
30391
10852
2595
26634
45708
8109
46523
47995
49668
10292
39274
23281
46533
36025
18468
9292
22815
4444
20340
287
38547
9244
4306
40319
8952
43181
18580
20159
32200
27840
21763
48047
19757
29716
10225
26038
10861
30164
47809
24052
35178
18068
38349
20236
36051
14961
6035
30782
33509
49150
13710
26869
7162
27072
24058
17860
39374
2205
21202
4854
30806
17464
19530
4110
11634
15267
4666
32055
26139
36147
2348
5019
30065
22709
41766
29788
6906
45966
27124
29995
43329
9161
21873
22690
12381
26003
33628
49666
35884
11092
43866
6847
26680
7065
31698
9513
35780
9649
1342
12815
23646
20268
7491
1427
19961
46303
40614
23750
10344
38687
48982
4536
33958
45928
13203
48032
22658
39191
7196
47521
47412
13862
785
37768
27547
45595
14642
248
7473
24933
19731
25017
44357
42962
36208
20266
16753
4750
43240
26524
8180
7667
40762
40317
39628
46457
30307
35554
30767
32355
49785
41783
3540
2212
27339
24364
17857
40099
19484
43099
3344
40305
7868
46108
30952
21930
13518
44083
1423
27764
6541
22207
1124
44031
6325
48023
18064
37165
35371
15303
16026
18129
22521
29212
33972
10232
23490
14802
32527
38243
401
33951
29200
2795
10411
18548
6860
27659
3519
33560
21678
9079
3166
35631
46824
40763
30919
15247
27373
38118
19768
44968
5780
48250
18144
15675
20246
10651
2281
37155
22723
22282
40501
3628
44468
40473
18712
15176
12317
8077
16671
36849
31032
35279
2377
32465
4952
19972
325
46578
21717
4236
42937
4533
31703
41440
35968
31993
33105
14987
26718
47847
14661
17199
44538
26280
7555
12161
3895
12359
47180
34548
37955
40561
859
3555
27143
38470
5836
3213
3410
16766
35344
26871
21918
44774
38228
3597
11711
32722
1279
32799
40094
11751
32635
47324
44839
28214
11974
27343
23824
40142
35083
46549
19796
39928
14728
44552
3279
39819
7254
29428
13229
5887
33905
24840
26698
33575
49712
12078
46561
45255
21681
42818
39683
38567
14234
16878
34893
35329
44250
37128
35588
20904
42080
19487
44030
29485
1501
38068
16257
32418
24636
24146
19430
31599
7132
16717
22470
39780
21825
10825
35929
12963
40291
11510
17030
48525
15161
49787
25647
11888
48817
32413
14416
24967
10712
26200
27425
32405
4789
24936
44158
25717
4593
30854
12166
826
11402
30907
27570
45650
6402
25294
3625
47341
45368
27509
7958
28453
29544
44298
38845
31672
22324
25223
4797
36893
38394
35759
30784
44494
41630
24515
18247
45047
47260
34683
9078
3254
21201
23789
6626
14614
14829
28852
10638
33657
10959
3866
1788
15011
29528
35267
28938
15507
48652
689
7834
39878
31458
26315
19034
11080
44567
9489
11604
45974
12637
9862
7099
35521
15922
461
11678
1793
23683
4463
22419
20511
30903
24947
48588
38061
7642
20038
36127
25815
48823
48625
25627
16054
14699
26587
26052
7853
4718
21204
17617
10117
6365
32651
36800
17520
29009
38006
35920
10423
32782
39791
14075
12402
10281
14307
14706
41732
6753
9792
1162
37015
23564
45167
44207
10818
42227
18880
42463
47008
3190
48210
40760
37252
35269
19670
12918
8869
24930
48995
41078
12926
49799
8430
5884
8065
14804
7378
41341
7379
24874
11684
31222
49295
30711
16164
44421
13859
11734
49452
47294
20205
31686
22651
18518
1255
42368
42400
22552
31292
35541
6272
47890
22371
22015
28808
28648
48275
49127
11960
46455
7736
29973
10506
15435
34886
24843
12438
43265
48701
6137
41976
33071
47660
41950
46615
252
18696
2421
36494
21814
6005
23036
21452
37580
3153
29677
39203
6557
45554
18473
23623
30273
17776
29335
11984
12680
32700
37987
11923
36605
16979
34931
46245
28616
2129
44787
14017
4983
36497
30128
29128
1190
30940
25715
25687
10877
2939
40781
7725
49810
2312
11581
25007
34826
48986
25479
22119
2402
16359
19855
8139
24747
15478
24241
30136
44284
21909
15361
45004
41142
10644
26450
28496
43147
8322
48390
9113
27513
14545
25214
29225
4281
17334
29409
39432
21097
12898
26530
39647
30381
22670
35004
31309
29452
16383
16956
40075
47704
27432
39913
277
12793
36783
25606
8075
35096
24663
6726
9036
18273
42758
34967
32938
37965
13802
42757
15920
11937
43764
25171
26520
29205
40861
48757
47157
2850
17846
34949
26338
22959
22084
34606
31311
47574
32039
6314
47417
12211
45082
14317
25937
44857
2063
37030
15885
14289
29266
45137
7350
858
11789
39681
41707
13108
26276
42670
43822
27201
1353
26414
22599
49635
27142
34243
30977
22308
35005
2337
11253
47690
1356
1115
37980
37022
35871
2505
9507
18040
25768
31272
10997
15279
49631
41790
6225
48949
49745
37284
27079
2099
2537
29748
30993
7299
12239
24033
11875
12633
10616
22164
47090
3631
24734
3451
42428
4255
43517
11179
24948
5213
31415
3215
10595
24898
16225
5828
8302
1481
9164
45834
30996
34186
4099
49951
10219
10402
14351
9215
10194
38977
14095
34161
18884
31231
5599
40879
15958
34854
37914
47049
47362
28539
7367
29565
36870
45416
17510
31331
38951
22180
27996
27341
42051
2320
41151
27803
10363
10878
13034
37762
26395
15971
12096
44883
718
41244
2654
32648
26803
31496
4919
16719
30929
3040
7133
41066
21054
29883
44383
10524
38016
29517
31523
14805
25274
28730
14784
9026
29620
2528
20330
5386
7318
33819
6302
15918
32303
48856
17508
16787
19468
28109
17012
38747
29866
3360
3473
45449
32472
17296
42292
7446
40935
9603
17341
12964
4870
14066
20387
37124
11413
3768
22219
8667
44854
22864
38616
8680
6494
24100
3689
11808
13353
34417
23059
47538
6991
31074
30658
19778
41059
24129
9578
39188
32402
32963
3425
8534
9110
46345
46431
16478
40378
48641
2011
7703
18901
42378
14424
31123
13432
26027
42456
49486
14525
45065
34994
19338
45324
36782
32255
32023
39178
19946
33471
39741
37158
25853
1515
8337
12949
891
32928
48484
18896
27224
18568
46613
850
36771
11148
17254
34696
13461
34887
22601
37034
27801
26154
39916
48335
13160
3575
20652
4624
10513
8278
23684
11949
26782
32123
1464
3151
21747
38260
8721
29415
41597
19366
16340
44592
22335
13513
46109
2721
12028
15287
22773
31885
34921
13023
40850
10286
38096
30749
48830
13908
17636
49741
21536
10061
40266
41118
31809
18722
45910
49210
39903
27025
30628
32332
12378
32323
39065
41222
35429
9425
10504
16077
6003
29769
48575
599
10300
47943
43336
10483
45027
29927
24395
11801
34992
3194
32514
21087
39824
49476
12707
37720
5094
38943
46116
38344
6391
35249
12627
16651
32351
31101
10391
708
3728
31753
25417
38354
19281
41242
21735
8982
45299
22525
26767
29475
5757
23951
6290
16154
11488
49985
11910
19929
15547
37666
40684
3550
38774
7776
28402
14164
44887
16819
29362
6953
2207
49297
12108
2185
13573
25925
2646
48065
11563
5367
15132
16879
25383
21730
49319
47894
42294
47838
20019
35944
37241
36261
27202
46299
48070
26021
17741
11433
34945
32995
17829
13094
6168
11850
32778
7141
48116
32386
47908
18982
6340
45514
15944
25893
28965
46858
49690
6176
953
1728
14756
35672
47336
32330
2245
49780
46201
23798
18123
45396
21361
13213
26016
45895
26510
23994
10929
9192
26476
3039
34622
33883
4802
20359
5175
12520
25607
25322
8693
939
30093
47151
49863
36135
42681
41667
8804
17122
17864
20540
42830
24110
7671
35060
24069
35732
45223
37157
19816
29761
47779
35197
8836
31419
48488
15520
29310
5235
23492
39783
48456
32937
47022
34918
42576
30609
45717
667
29700
48700
13503
46790
42663
36854
40063
30095
30717
19792
3163
42980
33707
38365
34164
45776
14199
27280
1663
18015
41838
46703
14021
48256
34628
13702
39718
17629
11782
12832
1570
12207
49876
40040
39258
9265
34941
37966
37960
32381
49557
1231
45012
32500
22968
47039
46474
30035
22361
43169
38948
8187
36665
3238
8098
26676
49706
5002
32929
37818
18788
28165
23396
18008
854
38654
38832
45873
1013
9087
6765
3717
18091
2395
47649
35544
4549
48834
10980
32895
36047
16922
49480
45427
15746
13341
38023
15091
3539
33714
5582
13999
16290
17566
34652
13383
23345
29877
48446
30719
36128
4377
39464
39850
26600
16277
27467
33546
24484
801
1754
23373
38939
14604
23871
34976
40860
37047
13976
6663
14360
18469
42890
46896
28323
25694
11496
6676
25141
34404
12343
46786
1605
28986
17252
24336
40307
6992
43865
31158
8862
34447
44193
23405
29474
43956
3747
22272
45457
40821
23143
29301
19590
25931
28331
15915
49117
42113
1054
24878
1588
21646
34427
3926
43314
37338
17536
32931
6319
36604
12424
28746
17412
30152
28727
47466
39633
30155
9012
35827
8303
41085
26387
36264
26203
42218
28351
43232
29445
46708
19579
12533
43229
13334
8987
24770
31688
28575
27450
13098
39823
6532
38831
12392
14779
4458
35190
26713
36883
42079
22181
24614
33114
5295
40402
18140
6001
26799
22047
29305
41605
5788
10264
31697
37541
2551
46729
5714
17723
43148
4291
40376
13625
4587
2169
17121
48615
33944
16321
30407
40832
25320
30645
27815
22881
43060
16131
29611
14298
49766
27644
20474
6406
26536
295
15073
39745
7780
29568
45625
13263
19940
16392
29660
20716
20962
18143
31900
13039
8759
17936
25728
48472
4432
47216
5439
11536
18188
42365
43836
43061
23498
22234
29390
47781
18198
35073
35497
28503
42295
24031
4530
15862
27542
9580
14189
13070
42427
35017
554
16405
45652
45920
41642
358
17811
22286
6240
32162
15151
19843
42746
48867
2611
9608
187
43280
25295
39677
33981
1581
18191
37058
10486
21724
12946
3983
15775
26426
11170
35258
24537
31441
14558
29327
34389
9470
47917
30090
43248
1495
20481
3572
11806
49572
30486
6764
46562
39387
27089
38095
25873
49269
29454
33374
2637
23092
2288
31000
48742
15213
1435
40164
29081
32143
17815
18259
29104
797
17447
41893
49367
3537
29480
42235
16615
37328
31085
32584
7325
49529
22971
4319
40426
9334
29885
49839
39125
20593
9258
13733
32462
42536
7173
34416
42094
22625
22108
907
39668
4508
31391
49464
32894
5767
14237
74
9214
45225
2424
42701
30087
23656
37548
27684
34715
5192
38489
26798
13607
1385
18465
5661
35539
10804
24588
38524
9947
15014
44
4001
25378
42115
3727
10271
14117
40219
18861
4253
26493
17885
36697
22396
48558
43874
45667
28989
40929
11566
45425
48301
19570
5191
24452
