51
24
40
7
80
26
36
67
46
93
66
30
45
27
23
14
2
20
67
77
38
53
26
81
48
74
44
47
42
23
61
85
84
6
71
61
35
1
17
14
80
9
16
31
29
39
48
38
72
94
42
21
51
25
48
66
51
93
16
95
6
46
29
73
39
5
10
22
8
61
78
24
95
31
26
5
57
1
84
62
27
61
64
9
44
83
57
59
32
11
32
39
49
18
40
85
58
91
29
27
3
94
39
89
26
37
63
43
79
23
46
14
38
91
13
49
19
49
62
96
50
89
74
84
59
49
20
30
75
91
24
18
83
33
79
35
53
99
2
74
2
64
75
35
70
85
8
94
95
43
76
87
34
97
12
16
89
90
88
58
60
68
72
21
42
49
51
91
82
30
14
59
74
99
29
74
88
69
80
21
46
48
58
43
14
50
37
42
73
74
47
33
95
71
65
74
82
20
4
62
45
0
88
69
2
45
53
57
65
66
96
55
42
65
72
55
33
50
58
73
12
86
78
20
86
34
36
53
41
64
24
11
41
85
28
91
84
1
3
35
31
50
18
62
50
12
27
71
76
44
42
71
26
84
62
94
21
82
24
72
7
25
75
47
92
38
38
21
0
82
34
19
76
18
72
8
1
22
76
40
40
34
84
81
91
12
57
83
38
42
90
76
49
25
37
20
65
10
14
36
11
59
2
93
49
69
37
98
33
70
4
98
74
72
40
0
82
71
11
65
13
64
71
15
3
80
86
62
44
66
74
86
27
75
9
32
7
58
51
18
57
15
49
93
36
0
0
78
91
69
98
4
80
73
74
89
27
41
10
32
14
59
61
64
22
87
56
30
17
17
96
61
32
16
63
45
47
4
84
31
80
97
84
29
84
39
17
73
13
2
30
90
86
81
85
81
80
59
0
17
20
22
10
79
81
52
51
35
23
70
28
25
16
79
32
22
28
53
4
42
89
30
44
90
29
98
55
56
54
95
64
51
87
63
90
8
13
70
33
60
92
80
41
26
10
24
45
3
86
96
3
40
98
24
74
13
2
82
22
40
52
13
28
96
41
73
83
13
59
13
41
5
40
33
57
99
67
81
54
32
86
55
37
97
33
91
69
1
17
20
94
9
98
93
72
38
10
83
67
35
3
45
62
48
75
95
31
91
16
44
78
35
43
5
64
50
43
26
98
27
13
72
56
39
17
60
67
28
90
29
6
2
85
51
58
95
13
12
46
4
71
42
28
15
68
7
89
82
32
56
94
66
19
24
45
5
17
0
94
20
22
43
38
23
92
36
88
92
51
70
86
97
11
9
34
77
79
42
76
35
19
49
24
73
37
67
17
87
26
82
3
5
8
18
28
60
62
70
88
49
34
83
96
89
77
51
82
4
53
20
19
95
13
46
8
46
99
78
48
29
52
45
25
32
4
17
62
36
0
1
96
73
73
32
45
95
95
33
34
1
55
32
83
97
96
79
87
79
85
34
87
36
44
10
10
98
12
0
21
50
51
21
69
25
50
11
23
74
87
4
6
93
85
17
69
54
97
92
18
75
31
67
85
93
86
75
76
87
44
43
67
57
6
83
24
17
67
95
15
3
89
37
37
27
3
61
54
58
65
54
52
93
97
18
9
60
92
99
72
97
99
22
68
18
12
88
36
8
6
72
99
49
48
96
55
26
12
78
30
87
10
40
33
74
46
85
56
14
1
66
52
45
71
70
43
5
22
16
44
63
63
38
61
37
98
97
76
24
78
5
55
63
89
67
39
42
15
57
55
10
31
14
34
68
52
16
68
75
92
5
81
53
21
97
85
47
85
52
9
77
7
56
12
36
7
37
1
68
59
63
78
46
82
70
19
53
77
60
26
5
77
19
67
91
5
26
79
31
30
82
68
24
67
59
45
60
97
5
9
90
37
18
65
75
34
20
88
59
77
10
64
44
25
43
73
28
62
68
60
19
16
59
54
31
49
45
95
2
24
83
19
23
8
35
69
11
9
6
77
25
88
67
0
30
22
23
76
59
13
46
24
39
87
22
26
66
73
32
96
46
22
56
43
92
58
29
48
85
23
88
97
11
2
89
94
16
1
10
84
34
20
61
84
25
54
31
16
77
58
3
86
96
45
89
99
30
70
76
60
39
32
21
29
89
52
57
27
43
99
16
52
12
40
47
70
78
9
65
4
30
15
48
39
58
72
52
41
8
1
8
58
64
50
9
46
25
62
29
20
54
83
62
11
7
93
76
91
75
31
23
66
87
8
2
46
13
9
31
18
73
50
47
27
52
31
99
91
74
82
81
6
40
45
71
5
66
45
62
25
3
13
39
49
73
26
93
48
53
23
16
89
89
37
55
71
47
91
4
26
50
25
21
69
72
21
70
21
92
18
88
64
61
30
14
10
52
69
67
51
20
13
30
5
79
7
0
1
33
16
98
4
30
99
88
21
71
20
49
98
49
47
61
82
5
56
14
94
57
71
58
33
69
18
15
56
44
34
86
16
49
13
94
2
28
53
7
12
75
10
47
35
5
80
8
32
5
16
72
46
80
65
77
54
38
94
77
16
77
84
2
31
18
0
23
67
69
15
69
0
72
14
69
54
68
54
53
73
76
58
82
72
36
69
1
28
78
57
72
10
81
10
96
75
63
34
64
84
79
85
83
6
57
71
60
65
75
95
84
30
66
63
53
96
78
97
21
80
86
97
7
92
40
4
14
92
71
52
57
45
47
87
58
99
83
84
20
93
75
36
55
59
12
77
44
38
9
24
90
65
43
78
72
86
66
3
94
13
3
17
21
87
40
63
70
29
74
44
38
44
59
85
19
75
87
45
40
56
99
52
31
79
37
15
93
56
41
86
83
54
30
99
39
93
36
11
26
48
62
3
23
58
68
55
84
3
40
91
76
70
68
25
92
78
62
83
99
13
20
83
27
39
55
55
79
25
44
95
62
30
10
22
60
57
4
50
51
26
41
91
87
78
20
89
66
94
31
34
85
73
41
64
23
76
31
27
76
67
56
52
50
13
14
61
3
64
13
92
89
27
84
52
41
34
78
14
36
30
93
53
22
93
7
83
43
63
13
95
15
4
22
29
81
50
23
68
28
71
39
37
37
10
68
62
0
69
96
28
35
7
91
3
1
15
40
39
10
35
10
8
94
69
56
85
89
4
53
50
7
71
87
61
65
15
79
79
77
64
48
82
11
23
26
43
7
6
32
92
8
61
69
25
92
3
3
47
29
92
50
56
68
9
65
35
86
11
92
76
79
79
32
89
92
86
72
11
43
95
94
73
63
21
22
60
24
68
2
84
88
9
79
86
44
18
80
98
1
58
26
19
6
75
49
92
67
92
77
47
24
58
6
16
63
72
40
31
83
3
65
17
45
90
87
33
12
88
34
57
50
81
39
58
61
25
45
53
33
28
78
64
7
4
82
54
28
85
88
93
88
27
65
22
81
28
62
70
48
21
29
52
81
15
59
22
81
54
7
75
21
27
76
51
78
72
80
74
79
82
47
41
13
86
95
79
95
81
84
1
81
25
4
41
53
57
8
87
82
19
92
94
8
40
14
6
11
86
77
80
96
64
39
49
83
94
55
36
15
92
26
81
31
11
7
0
65
90
96
82
61
33
31
23
17
79
52
12
41
80
0
21
17
0
30
35
10
61
73
50
73
89
54
25
91
7
6
94
7
45
82
75
22
85
99
74
28
46
2
70
33
75
90
67
98
60
89
51
62
96
96
19
64
30
2
98
46
44
6
9
45
69
63
19
32
21
27
81
4
32
51
36
98
0
26
35
71
99
1
86
53
50
99
59
8
93
85
4
68
48
92
69
58
12
70
60
35
36
8
77
43
77
27
33
80
5
29
17
5
65
47
14
69
36
21
99
1
64
73
79
75
95
90
72
88
51
1
54
32
36
24
93
9
26
9
64
55
90
2
36
49
3
22
59
54
5
38
42
48
73
78
19
61
14
86
31
50
51
42
70
54
65
51
66
80
14
50
47
15
60
99
12
3
48
68
18
0
73
74
30
54
20
59
68
28
27
66
96
63
56
76
77
35
84
97
48
65
32
84
16
89
12
12
40
29
18
98
18
8
95
64
40
6
96
71
90
41
66
98
27
97
71
30
79
35
67
65
55
9
78
39
59
29
34
8
80
25
25
64
68
15
62
9
96
90
1
48
25
3
79
81
83
48
41
47
38
60
28
66
80
18
9
2
97
78
6
97
41
15
51
91
69
11
67
7
78
46
7
13
42
42
86
6
93
33
33
96
12
39
80
36
70
40
34
35
74
98
15
65
90
83
1
20
61
34
1
35
39
37
51
63
70
43
44
39
62
16
33
60
38
14
53
25
64
37
5
59
27
55
44
17
50
87
66
52
71
44
19
87
98
57
52
78
76
58
37
14
5
49
63
0
77
31
31
41
34
15
34
10
31
65
43
91
82
7
16
62
97
84
95
76
94
97
15
37
31
93
55
59
0
97
35
43
90
51
23
33
67
35
83
72
37
60
57
81
77
80
60
29
71
78
63
42
87
15
43
83
60
6
76
56
6
5
69
81
42
27
23
17
33
36
69
23
90
33
45
88
2
14
73
99
37
74
67
66
89
82
23
22
95
68
28
42
80
33
56
30
72
8
41
91
38
15
47
43
90
58
94
87
99
26
41
28
28
76
78
26
49
4
88
97
21
7
17
86
47
75
20
4
36
74
47
20
60
34
96
77
81
71
65
51
68
58
41
98
48
91
71
26
91
24
62
11
77
81
40
63
49
49
50
4
78
45
7
39
17
94
14
22
90
66
67
57
17
16
12
81
97
51
60
54
99
42
56
82
70
65
42
15
4
89
19
3
60
42
32
23
12
6
38
28
2
19
20
91
24
63
22
32
64
63
59
53
79
65
24
98
8
11
47
93
63
75
46
88
63
55
19
11
55
94
22
9
37
11
85
74
67
53
9
0
70
27
75
93
51
46
44
27
66
18
46
43
55
40
48
12
91
95
74
33
44
7
87
44
57
25
8
39
70
68
14
56
73
18
38
56
88
61
59
40
19
42
23
87
55
82
86
12
90
77
92
34
93
17
48
58
50
95
57
86
68
56
32
28
10
76
95
34
75
47
84
24
9
96
46
98
36
68
61
59
10
90
85
36
11
37
89
24
57
9
54
94
27
30
39
16
76
32
61
83
80
62
75
38
20
38
6
41
8
88
58
46
26
83
29
11
18
20
35
73
52
66
96
29
1
68
57
53
49
48
42
11
37
24
2
42
18
55
44
28
41
91
39
21
34
53
99
6
97
56
43
52
66
13
45
66
23
15
43
90
21
24
60
53
22
88
90
64
33
80
29
2
59
29
93
98
54
72
36
12
15
12
84
47
32
17
13
88
89
19
5
66
98
56
74
54
54
56
28
46
5
38
4
70
61
54
70
55
43
87
1
63
69
88
48
0
38
70
53
72
2
90
92
67
25
97
79
58
88
52
52
42
35
71
46
38
20
80
84
10
41
11
94
50
46
6
41
61
1
2
56
83
0
27
63
62
0
38
23
25
74
76
57
52
45
16
53
19
17
2
64
40
16
66
85
48
19
19
61
94
14
98
47
11
99
82
18
18
8
44
57
38
35
93
60
55
29
49
29
85
77
6
30
47
19
81
21
73
37
85
71
3
