8857
4668
3542
44856
8777
26466
356
7029
44029
42843
10412
48114
43581
35259
24898
16374
26125
37473
6666
32959
22525
5022
38483
16499
3162
14154
22209
25597
3728
16979
16993
9187
23054
31893
10068
34404
142
17336
48750
17013
14592
45193
23380
41193
29862
13745
17073
24332
40163
7189
15522
5286
29546
9695
41306
2621
26797
14773
43972
34894
4952
42818
20097
25039
14527
19670
41451
27012
43422
41996
16928
32618
26558
6557
21930
49168
49911
2998
9272
15478
40330
35500
41292
25192
19387
43181
9003
34455
30733
181
11813
33859
11122
30738
3054
518
7305
8886
36146
26815
27605
15435
3991
8116
1380
40865
49011
17209
41118
34917
37206
11039
48895
24942
25382
26204
43329
43625
15611
30255
32273
40918
29673
13910
17404
19676
1768
34222
37419
22649
47898
38976
25132
1028
14904
39224
30126
29898
38575
8795
3821
11000
41838
36806
37712
39970
34172
49818
42741
18788
43952
12303
43775
46009
38207
38818
17490
14063
11935
27231
49419
5682
48074
13623
31158
45650
47834
21497
27297
17504
26943
41678
45252
34578
36061
2942
24375
22747
30641
30904
4481
41439
10181
189
38826
49127
29506
11365
29204
28511
40197
15543
2027
17423
4185
27679
4019
12831
12078
2422
15570
45171
30280
23336
35326
43766
46099
21228
23670
32749
24890
38639
3550
10333
26457
19269
27201
19475
4338
24734
35420
25994
19034
10234
41941
14829
9134
13870
17864
38378
28381
49221
32584
35517
3451
32784
26052
12796
1961
11937
43384
44494
30580
44196
45855
11783
35478
29800
40331
36921
13438
46487
1184
8201
32413
30557
36592
48703
24817
40125
46051
31040
43147
25483
5235
34134
23891
38611
36562
21590
6338
9482
10490
35902
5780
10468
28125
44714
43845
40304
25931
1969
44448
12523
15630
29310
7316
17495
48949
316
27064
20815
7785
1354
2948
10716
43245
40354
18856
15231
46703
610
45815
35734
14804
37218
38228
28689
34417
3020
40558
28425
11017
29965
27412
43691
5450
25007
722
49802
45834
46759
54
42846
34113
6459
15688
30104
30761
48885
26027
36755
34887
45636
11776
43169
22784
31186
41022
32963
23047
25344
36243
31865
23333
35849
4142
7184
46731
20055
48054
20735
30524
24073
47040
8969
5790
25203
244
2230
32255
8081
21065
26803
10652
45907
36442
12161
9945
28565
47690
24453
40870
13725
49389
39128
40884
43660
44837
38208
16651
1733
39227
16882
43116
15903
4597
1390
39186
5480
22340
11108
38412
22344
10183
40218
1906
34852
21752
43516
21572
40431
5947
36036
47237
42513
38210
36527
40266
48704
49009
28453
35299
4032
48742
12317
1719
4802
7083
1674
12089
20323
24035
44403
14704
43239
43996
18368
15751
16364
1928
16300
4393
48246
17034
42107
17997
11634
11045
35237
11773
29240
41749
48807
49280
37499
18395
47454
24875
11
46584
3705
6543
19862
34694
28765
30919
14151
36901
815
44141
40746
161
39112
6347
26163
19142
23227
39361
17223
43099
37480
15665
4636
27491
30065
25278
19430
22485
16671
16487
11989
7544
14961
25353
14945
43010
45973
35269
17936
667
9667
29816
32642
17805
11757
46245
34310
32687
28429
37965
43751
24991
41044
1963
19816
48337
17278
23899
37288
13455
33904
37241
15970
18024
21573
36983
20167
39073
1239
41856
10715
31586
32802
26489
19179
191
20755
34171
27338
29403
49117
31563
11389
37677
29176
18365
43517
19586
43232
27216
13155
45772
28932
36461
34181
30084
44513
32303
21594
9112
38478
39578
24129
34570
4662
43456
45682
41903
17318
26461
38615
2932
23533
30912
23384
28487
44567
38481
26600
46659
35660
35873
36495
48365
6676
43431
24445
48023
10633
6658
24588
43114
24116
26535
16111
24719
30935
47178
38171
19779
31669
39276
3570
26455
5075
29836
10114
39883
2737
18308
19046
19828
13763
5305
986
43866
45292
2143
6728
25925
24974
24202
43991
1564
41815
4250
27253
47888
40358
42586
34240
40417
40693
5481
2186
897
13366
39278
22205
32294
44049
14479
13368
27446
45082
8071
9217
4098
26959
32399
4944
15579
18032
2145
49503
6448
47938
24950
23411
41710
19019
49773
307
11496
10713
6003
26042
18399
15807
253
41589
19203
24567
19629
34359
14608
42334
30775
23853
13166
38328
23135
16850
35437
18721
7232
38755
24328
28323
8308
11761
8982
37123
42466
17969
10456
600
24322
41667
18901
36771
37309
45725
17624
35773
12575
46111
8549
1650
41140
5791
48514
10862
29583
34219
25993
16657
21675
20930
28586
40528
22452
35968
31349
29529
3539
35560
45337
14484
33683
19434
26844
19796
15144
27666
26003
34794
13721
5195
24692
32316
45847
10861
25506
9616
12676
19489
31757
22601
5745
19482
23840
17024
27912
16549
1862
48203
8192
26360
14103
36923
2247
18104
19329
27089
19004
3698
38069
42935
21607
22634
32706
22090
2210
39501
45182
15357
15944
36524
40157
29409
44197
14717
5711
3365
3763
33253
27127
48258
39459
34275
48745
34905
47824
20549
12777
47329
9671
36465
24951
43020
16014
43767
40376
48131
14554
24413
33966
45204
31769
32147
6189
33097
8262
1657
2787
45778
43682
28441
33005
32976
41977
45474
8902
46606
35603
7271
49778
33496
20072
26037
19244
41440
706
43252
46374
16910
17858
28488
33721
1581
40906
42170
43079
9887
22956
48906
45314
7504
20542
26439
14986
32208
29332
37537
7454
43182
24749
17711
45957
6349
34618
15606
29631
34197
37751
32181
46285
29433
46293
35279
37529
17421
31721
13241
47381
33811
481
23491
1156
41866
45449
23795
25715
19396
32024
30610
42256
20061
14123
32951
1979
41685
24970
42614
21172
31501
8203
10525
44747
22753
27387
44529
28918
29167
42859
6698
15931
42706
8638
9811
38318
39928
10804
22814
3923
477
34003
30074
19110
23010
33625
29301
5700
4842
44037
46802
36142
17634
44379
27801
9120
42747
38477
15771
19188
23121
14922
31198
22287
2285
1222
2102
42070
46603
42355
12654
27928
4519
36094
5596
11444
6597
12092
4718
44487
42437
3360
36935
44164
4133
18925
14039
15224
23175
15985
46771
5880
1001
47018
48375
49729
41923
24536
5439
10112
29430
5986
17971
38394
49715
38256
22911
46794
37590
32471
7994
34855
47991
28685
10262
39916
41650
8256
23722
26537
36118
29698
40523
23983
38546
22967
16187
20431
42876
25471
39911
46622
22935
16940
6852
45895
10628
4549
17126
2068
39709
32644
3369
10237
1203
34711
17342
40280
14357
41581
10994
17937
7090
41515
29503
49690
35795
14486
16139
44468
28214
8479
37324
20876
47894
10484
42086
25081
25262
19461
29663
35114
35600
4886
25397
40243
31199
13260
16392
29330
27057
9774
42390
28887
16989
20318
29381
2600
4723
36095
30023
40895
46108
40047
25962
41270
46786
2356
17727
9164
4473
28892
13512
40230
40673
43060
43903
38117
8219
21426
34951
46462
49672
3281
32226
7671
710
7964
8109
23246
41906
12692
38795
15747
13946
30216
49706
19129
10019
44357
33205
45060
4643
49822
24818
41473
10753
5437
33222
10998
33722
1897
18480
39049
5302
40866
26216
20963
23837
17042
49495
31153
5735
3799
11433
40397
25508
13815
29009
26475
35588
20909
25853
10629
22397
30631
47077
14711
45578
37968
36067
26006
37914
19530
35115
6312
45020
44250
48159
28155
40164
41401
472
48700
22087
39645
1652
42066
6417
1501
38107
24282
41277
22437
2552
10321
41375
22282
24983
33861
30418
15942
14665
1320
4518
30157
13625
11149
33079
28037
28852
48707
28203
797
2930
27509
13733
5669
31206
17392
4110
18412
3285
37762
22284
951
32276
40495
15327
14705
49034
17189
45783
22024
37824
35541
42564
8385
57
2142
44491
9643
11085
19136
33652
17188
16751
22049
41539
15821
14375
31386
4508
41337
14010
32219
29485
20741
27530
23834
11447
3436
29474
28153
8021
6953
36209
42692
27547
43638
43336
29885
20812
43790
46880
15204
11889
22635
22975
4870
14396
29878
14187
41078
29842
34086
41103
49557
12056
28160
16277
22573
7413
34934
18147
33949
19891
39484
32348
17648
23085
8594
35273
30320
320
40899
25495
1653
40960
47148
22767
34691
7073
49046
49297
23172
18696
16731
27199
36054
42094
9904
21589
10340
42365
28678
16517
18489
48894
9428
26972
44574
40624
20372
526
9720
40736
35891
16284
28032
26416
6587
11971
24843
46001
12536
34920
4910
33808
34964
40378
32937
15962
24217
30283
27662
15947
10410
13182
18314
6522
42670
23373
44762
35458
20212
49091
24026
5627
37511
26510
718
43382
15009
21702
15179
36289
22471
15907
29902
35101
28626
5088
29069
1219
22906
6450
2795
42401
5756
14021
8040
15667
18884
31364
36768
2428
37673
3731
47274
37628
32502
5442
1173
6378
43829
4767
16756
32362
25777
34662
8716
40754
19635
11051
1172
604
39069
46201
43451
26231
4367
40319
25202
6486
45338
10047
3951
31269
12381
10271
26012
17079
30334
27358
9598
5804
40923
42115
3215
19972
27709
29279
9265
10657
43604
18513
49856
3646
48641
23351
34622
32731
15948
19769
17196
32967
40637
16843
5036
40642
46010
39628
8374
21873
7041
6191
42478
24874
26047
8811
11123
42746
47039
13888
43874
17844
23592
26981
30463
46096
37137
49121
18129
18614
23440
25256
9294
35048
16127
31872
37766
13921
47890
47738
28829
11734
12513
41001
43421
40742
11668
46065
45546
22725
38742
39193
36544
8342
25919
45410
25967
31937
573
8569
44976
2224
5836
27505
2241
35284
5789
21678
4062
35542
36861
12333
23488
5379
21920
15408
29415
23492
7848
27389
46713
25652
18106
39432
47022
3984
8567
46353
9579
26895
31945
7141
5198
9201
16000
21681
10626
27467
15182
39868
19806
6339
38943
21730
23176
14307
31844
7208
45443
17510
35337
45736
39116
47101
14765
31866
48445
40305
2605
31298
42269
10816
26374
26021
28164
25380
34704
49849
23108
12520
18378
38297
27129
3387
31103
22025
4663
21109
40281
28859
14322
32023
38995
43293
38243
29877
11391
17730
26795
17673
39806
40533
46357
43956
24195
9244
33868
31403
47041
40088
45008
33105
43998
41868
45092
17827
6847
533
33546
27712
33950
17992
15551
47297
22457
49205
19016
7204
47424
13887
21565
41089
20567
5918
31266
48715
34
19570
16352
33684
11998
7299
4537
13939
13702
3727
41142
22986
46673
41629
1015
26268
5161
9816
3073
47957
30770
21200
35933
2491
33554
48792
20652
44740
44126
3122
31890
47701
48250
24748
30018
21792
16859
15075
45607
35790
7689
49306
42208
48579
33834
47412
18083
38304
18968
17957
24066
47183
17773
41353
45167
44812
28906
27019
40113
7525
13083
35879
26604
33276
49876
47861
22676
30798
25225
30638
42051
10707
36387
42570
4822
44623
46523
2116
30959
44054
3469
14563
5562
29056
36552
17005
16274
29351
10396
35661
2111
34823
14171
3924
31839
27292
43873
6371
30303
2400
28540
23730
18535
27534
33696
39694
16397
2117
24288
9412
29358
43185
11667
49743
773
43016
28881
19689
27344
3717
44951
26881
27422
48640
35175
30759
9383
6878
24152
9911
25179
4961
47809
44217
45089
10225
47361
3574
17630
15718
8428
35903
15714
46169
2257
11593
20157
42027
41167
49741
47207
40025
46476
15116
16949
43094
1665
21592
42865
5310
38221
47409
48575
3533
45730
16353
49048
3635
9585
39433
21939
18512
4930
17329
15228
46488
2960
1923
17754
22957
30679
27592
5577
16887
35988
25214
18872
28012
1300
35202
26578
40165
49662
9684
1597
7526
32500
13692
6501
38850
6564
43921
49228
28103
31543
36671
40460
35075
36775
37541
23749
32520
39494
2689
34036
7024
19887
37518
5168
36793
32648
49370
32916
3597
45793
16922
14185
18417
41892
29903
30106
12993
44424
37412
19987
8209
33436
49997
15651
23507
19715
34916
31707
25576
31276
33807
6005
28483
25999
9645
12680
37287
26451
27704
2620
15960
14360
35355
9080
13344
26557
14314
9092
26064
22456
38360
3224
7422
7162
26883
48978
15269
18268
21387
20535
13711
18434
41876
8806
21761
21489
32603
20904
23683
47943
15784
34879
35425
22740
29421
30118
2627
15364
120
5135
22047
32758
36366
16786
20760
14682
15791
49673
42909
1948
22105
819
6475
42757
4864
37860
39266
1531
48301
42306
43511
7473
6575
30914
17738
31361
22926
30089
39218
46419
20540
18443
26626
38365
35845
41857
3626
44987
44047
33327
21410
42566
24484
6029
16637
25694
520
14420
11221
49111
44028
27579
18247
33913
20321
8960
45261
34340
40476
1792
5878
11933
40602
48699
40150
29876
41545
39189
47428
593
43366
18144
7980
27272
28974
29607
21380
7274
35810
12264
47597
24241
47384
20359
18289
23078
20246
38762
20226
25437
47797
1909
7193
25820
2355
4745
18259
47080
18148
28794
34520
21185
24551
38020
397
49592
8634
29773
24669
45963
29890
36641
30217
33166
13769
32108
7437
5126
22806
12557
21568
20511
36486
13718
47636
34965
40032
3540
6541
24933
2542
34522
20137
46284
44287
21180
36202
34367
14351
29639
23490
12060
43573
32902
41803
32855
16342
45130
34277
49099
9599
48488
29947
43292
4075
13296
34960
20560
10638
36854
41453
4193
2429
27716
20902
7680
38254
42113
9550
16027
32982
30827
14691
30152
26737
29023
6279
21673
9271
31315
32736
9696
49500
35862
38443
21083
35928
4409
15486
7650
47841
43091
23094
37265
42585
8075
6949
7907
49742
18142
20973
3029
46973
27918
1205
14455
11816
39250
37909
22427
12382
4167
424
10515
2447
31580
23751
14074
26387
28676
40957
34028
49632
26999
28026
38113
29753
36908
42519
32225
45255
3630
48997
41481
31316
32427
14443
9290
13979
10472
49963
5367
23893
36813
43385
10227
224
475
38335
27014
3567
38016
42227
16496
47976
27821
34626
36427
6254
12028
35145
1555
5619
5134
33550
31705
24239
23999
8362
35809
12723
37297
12916
1715
27762
35732
11274
34689
17744
39020
14324
47104
11788
49020
11507
18834
40198
22249
16424
6984
5378
27188
28763
47037
28378
39161
6685
30602
24803
11080
39518
13388
44400
24372
21248
3979
40099
2983
45874
22219
33231
6519
27250
48134
15384
45383
442
10077
21348
19785
20038
37230
30676
8113
40586
10508
18008
14525
36338
38342
32349
47984
43424
46030
19832
13160
8824
10466
10402
47466
19360
28739
22789
48653
40963
41441
17692
44163
3001
40883
33091
7551
2324
3549
32807
46151
35318
30718
30955
26040
9784
38349
38643
49553
49141
14384
6836
15251
11140
22764
28064
31809
15815
6308
3194
31296
20693
8693
27182
14383
6409
38555
38687
42074
7196
10149
2705
37395
4527
30546
3612
12316
15602
6330
27437
43220
13831
7318
43361
16313
13773
20871
45453
35344
43300
4088
45002
21152
12392
10300
39701
32388
6934
22164
4779
22346
15539
18333
26865
3112
36294
34889
45843
33415
38740
19366
45251
18875
34702
42112
39485
9556
48981
40327
39591
6863
25873
48244
31730
3242
47547
29128
33806
29904
17938
1902
45952
4160
15760
37382
11707
18776
18724
23404
2364
32036
45543
14478
41327
27554
692
33249
15862
32983
49044
8349
28134
23453
1980
4841
14919
36576
18469
25301
3046
1213
47298
33493
14752
23445
46687
33736
15140
34918
30475
44359
15788
18460
22371
18425
31076
40536
44942
26395
15064
42038
35884
19731
23532
48958
9470
21713
24395
1020
11044
6817
15241
47269
8812
26130
23281
25976
46859
28919
24771
9425
35256
35345
46824
29064
37980
4586
6025
8187
31504
7007
37878
37068
3945
45493
30419
18431
33306
3553
21014
39721
6329
32714
25194
44331
24737
30172
8529
25497
19645
30926
28095
36415
37615
1443
28550
3384
11019
20513
24648
3583
8067
10616
46845
2426
29553
26871
39096
4220
45652
42925
17588
20277
37058
44968
49631
30885
35267
964
27405
45056
28359
39415
31441
17069
14257
18870
9824
17774
48267
44184
21456
29270
6318
39961
20487
37128
6401
48615
13229
1793
40850
