41118
14185
1674
6949
12680
23085
36552
9383
47690
18696
31199
32036
29965
26844
30733
35810
48375
20549
7422
13711
49009
22025
6448
526
46111
10862
49111
32642
47298
39415
41441
16887
35862
22649
41337
19816
14357
30641
49127
2230
26052
29877
43516
26865
17997
34578
9272
6522
3020
25508
5756
12520
45793
42586
42570
48615
41977
1653
31298
37473
30546
30216
8886
40736
7162
5022
41685
35075
5168
18417
34367
2426
31364
41545
36289
5235
3731
40088
1665
22747
24328
46759
49557
35458
33496
47104
32399
32471
47976
23490
19396
27014
31866
42074
3365
9412
10753
41667
20540
48745
40865
3242
40963
11761
6475
21594
29890
32273
30280
9671
15651
29800
34918
8479
22437
36935
49117
43873
33231
25203
986
23491
25962
9616
33806
1222
24551
19635
533
40637
14384
19019
9003
30798
41996
43366
25278
16027
46245
46051
5918
41629
41078
25820
22219
32427
31276
38107
10508
14904
5195
49389
37766
5379
47077
16392
28511
5790
47809
6371
21083
22725
29301
19530
27272
3821
11122
16882
43517
39518
24035
43329
10525
42086
41866
45834
10638
34879
10234
8385
22740
33205
36465
34662
12303
22764
34622
10237
17969
19676
7848
36461
43094
49592
44403
11140
38171
20760
43382
15942
21678
1020
33722
11707
20812
48575
11776
4537
24567
8342
2117
27530
29753
35732
31316
7964
40218
40536
45449
24413
4668
13745
20741
33554
25471
19828
13769
18129
32749
44217
41270
54
40558
10657
26578
25132
40243
31153
28887
6564
5075
13939
27912
15947
13725
29816
9217
35202
10652
1239
11773
48978
1354
7204
23983
44574
10402
40266
33736
40476
19972
30074
28134
38412
9080
30217
38546
28540
3574
25506
49741
8081
42935
17196
42859
26795
41749
31269
6312
45474
11937
7193
4473
45130
7041
10472
41453
14257
5161
11
10466
23404
9187
34694
17188
29421
26047
32349
20652
18083
49818
15116
17510
45636
35326
14717
8549
28586
30303
18147
14375
3646
24950
39128
43660
43604
35661
25007
34
5700
34172
17992
10484
15408
38818
14396
28125
26557
32736
46859
41710
25931
43232
35928
37878
4167
26216
44037
7007
49631
18148
33550
30172
14986
23176
18308
24951
20876
28064
43010
49370
13083
23094
29009
24322
5627
35902
10225
21248
35541
4549
45650
4519
43767
23722
15903
10271
14479
8529
35879
40327
43691
17588
37615
4586
46731
40032
9470
9164
13166
3570
27716
41906
36771
28859
47834
44714
31186
24129
37241
5480
2705
2600
35560
8262
48023
19004
49715
2224
37297
