77
27
36
10
94
89
93
58
55
60
55
56
48
47
83
46
15
36
32
30
6
32
47
99
84
37
70
26
81
29
12
58
72
62
18
21
85
16
17
44
46
66
46
37
42
48
91
27
10
43
42
84
74
13
21
68
51
76
60
51
16
76
50
64
14
84
2
83
99
46
56
82
4
85
97
21
62
7
76
38
16
13
61
82
70
1
43
79
70
76
58
99
29
99
45
44
23
91
51
54
56
57
69
4
26
40
48
25
95
18
83
73
25
4
87
13
45
69
35
19
32
31
78
6
53
33
61
76
16
32
85
90
24
61
33
94
82
81
32
79
89
83
53
83
52
51
92
69
76
74
3
5
12
9
7
91
85
89
57
27
94
23
94
64
40
59
11
98
89
80
93
52
49
80
6
56
53
33
57
7
81
3
90
41
1
49
50
52
45
12
80
56
50
84
42
26
6
42
26
5
81
35
14
80
6
98
0
7
73
11
70
85
39
59
84
88
47
65
65
71
91
44
4
68
59
67
31
96
63
2
26
89
34
22
38
57
63
38
54
96
12
60
56
94
93
12
35
4
49
15
75
10
36
52
40
57
34
64
50
53
30
9
95
47
3
28
56
6
43
71
77
77
11
57
62
55
34
45
71
91
20
53
58
75
42
33
17
72
7
44
16
11
82
2
8
67
27
45
54
84
63
92
12
0
85
29
37
44
86
18
89
68
43
21
33
50
67
89
87
66
89
16
48
12
97
55
11
53
35
68
87
26
28
8
63
81
90
82
37
86
84
91
68
41
31
25
82
82
71
59
22
83
32
15
96
20
45
39
7
68
34
66
20
20
99
96
50
90
72
95
34
28
31
78
20
92
52
73
57
65
31
24
72
26
36
81
28
11
9
2
27
22
55
7
17
93
68
96
37
81
39
98
64
41
34
32
96
48
71
41
29
65
10
61
51
73
91
41
86
9
67
18
18
9
64
39
44
49
96
46
10
91
38
12
97
40
55
19
22
46
39
48
75
63
86
83
34
62
77
89
29
77
96
22
79
40
13
31
67
74
20
1
98
18
70
47
1
32
28
21
52
90
47
65
63
18
88
97
10
89
8
88
63
31
28
63
30
30
83
3
59
5
23
14
5
62
93
80
56
39
71
72
77
22
70
39
61
66
38
48
3
17
65
43
92
72
69
33
3
46
19
80
76
8
48
2
59
95
57
9
42
72
77
1
13
57
54
66
88
79
62
42
62
10
41
34
41
98
74
49
49
55
38
62
36
42
86
8
97
17
8
5
52
21
42
77
23
14
29
51
39
3
15
41
75
19
98
45
0
92
46
60
56
44
71
72
23
23
2
56
92
80
90
50
50
64
74
61
57
24
3
88
97
97
49
94
41
14
75
48
87
73
9
4
91
24
95
90
75
51
85
60
1
13
28
0
98
61
24
97
71
82
59
18
35
25
29
25
24
83
31
24
13
86
9
67
62
43
51
94
99
26
70
26
19
1
2
24
4
22
21
10
30
93
11
68
21
45
20
65
65
30
9
94
32
27
67
53
43
54
3
40
30
98
67
0
19
48
37
38
22
73
17
70
17
47
73
96
24
18
52
14
74
91
36
45
17
68
34
16
52
92
79
12
60
86
58
86
43
75
23
31
69
76
78
85
67
68
35
67
99
36
5
29
21
14
57
2
78
96
52
31
42
66
45
64
83
88
42
32
0
13
15
59
82
2
79
40
53
98
95
2
69
97
94
44
85
86
12
2
44
33
62
54
5
6
70
57
42
79
47
79
74
8
38
8
68
40
89
76
14
65
70
66
77
99
28
65
21
79
3
24
1
50
19
6
44
36
59
6
95
81
19
39
37
88
20
75
63
23
48
22
55
88
35
74
29
15
49
92
36
75
50
72
52
7
66
85
30
86
26
55
22
87
20
36
23
58
13
73
12
3
69
99
84
99
15
77
66
86
35
8
10
38
51
9
26
77
22
53
79
25
49
62
0
71
46
47
4
30
27
68
30
65
42
45
86
76
46
25
37
43
64
60
61
16
55
84
6
56
13
95
92
33
63
18
82
90
12
99
66
88
69
23
90
81
87
90
40
72
91
5
2
29
6
19
29
69
95
59
15
55
5
26
28
18
84
39
35
61
4
41
8
98
41
49
45
92
33
83
73
16
98
74
92
16
25
66
19
30
70
99
87
64
90
30
10
64
0
37
12
60
94
1
53
27
38
14
0
33
11
36
25
7
22
37
16
55
43
64
97
26
67
36
75
15
89
45
70
37
19
78
47
86
51
75
69
92
31
18
87
85
88
59
98
54
78
76
38
99
17
58
60
64
93
58
57
54
25
20
27
44
87
92
50
0
48
13
78
98
72
21
27
95
0
78
87
79
5
84
68
82
54
53
72
88
90
19
83
16
61
17
13
0
32
40
1
89
55
14
43
34
1
14
28
7
58
36
75
78
11
27
33
32
87
37
79
62
93
2
49
11
82
25
63
34
25
31
23
44
4
35
49
75
83
48
20
78
76
69
73
73
78
74
11
82
1
15
80
65
58
54
39
71
81
76
53
35
52
61
15
13
46
67
37
74
60
73
95
54
34
58
3
10
35
8
51
24
60
20
77
60
81
35
79
91
11
63
67
14
64
97
38
9
81
84
47
85
91
39
3
14
1
65
31
44
59
16
11
51
41
32
15
49
28
90
27
78
7
66
96
54
40
21
56
17
51
95
22
87
40
27
80
29
96
46
23
24
93
41
10
61
38
78
74
96
69
33
80
50
6
93
80
88
4
21
62
9
4
28
43
77
63
56
8
97
93
47
74
25
6
52
88
5
71
33
80
28
30
80
69
29
43
9
7
85
7
60
58
87
17
84
66
34
97
94
47
93
18
8
61
50
46
94
39
15
4
40
53
24
23
73
5
0
70
59
72
20
93
71
71
58
81
95
94
17
5
54
19
10
