100602
36312
47196
14206
122376
116737
121882
75407
72094
78081
72514
72949
63691
61361
108439
60033
20083
47612
42124
39423
8047
42721
61320
129949
109679
48440
91024
34676
105926
38655
16304
76501
94512
81666
23979
27806
111668
20831
22378
57509
59973
87098
60965
48352
55313
63459
119377
36389
13141
56993
55676
110346
97017
17643
28599
88424
66620
99387
78646
67229
21179
99765
66023
83515
19063
109579
2687
107942
128853
59831
73528
106860
5826
111031
126741
27762
81233
9233
99785
49601
22010
18023
80219
106798
92294
1885
56696
102710
92109
99553
75749
129990
38422
129633
59412
57955
30879
118952
66691
70847
73316
74398
90802
6158
35038
52827
62801
33148
123954
23778
108593
96157
33431
5904
113506
17475
59573
89924
46476
25210
42641
40851
102492
8229
69621
44046
79686
99199
21024
41980
111093
118163
31495
79966
42983
122431
107539
106501
42257
102716
116535
109128
69955
108615
67783
67396
120458
90782
99529
96761
4826
6559
16705
12043
9140
119050
111630
116426
75345
36267
122874
30182
123390
83853
52675
77099
14339
128119
115963
104945
121060
67803
64505
104727
8825
72945
70197
43287
75083
10204
105327
4616
117675
54478
1966
63717
65705
67946
59590
15732
105220
72986
65282
109346
54917
34215
8555
55710
33853
7736
105434
46304
18251
104044
7831
127762
1271
9928
95272
15174
91412
111766
51059
76874
110383
115607
61569
84700
84995
92642
118460
57245
6070
88794
77084
87110
41287
125438
82373
3535
34631
116388
44763
29337
50306
74950
83153
50498
70682
125747
16670
79251
73357
122948
121688
16889
45726
6239
64552
19811
97832
13142
47358
68424
52484
75398
44769
83237
65382
69978
39984
12692
124046
61284
4261
37404
73899
8890
56924
92886
100177
100512
15425
75245
81080
72567
44817
58541
93415
118856
26465
69356
76093
97608
55885
43713
23172
94875
9200
58090
21545
14510
107210
2911
11481
87594
35302
59481
70723
109516
83157
119898
16089
446
110660
38129
48723
58460
112527
24123
116067
88568
56588
28261
44199
66244
87365
116234
113725
86391
116142
21211
63308
16474
126114
72202
15333
69693
46649
89128
114387
33935
36403
11377
82684
105387
117682
106730
49015
112421
109847
118417
89593
53980
40633
32942
107565
107558
93218
77929
29753
108743
42384
20441
125266
26825
59021
51789
10017
88810
44958
86158
27115
26616
129174
125423
66230
118251
94250
123754
44747
36769
41099
101569
26923
119649
68835
95743
75006
85723
41380
31235
94770
34098
46923
105702
36651
14609
12634
3181
35616
29805
72429
9605
22628
121516
89438
125745
48410
106472
51639
128082
83793
53653
44404
42501
125478
62445
93493
53612
38085
84614
14193
80519
67046
96124
119056
54348
112657
12328
87294
24542
23678
12525
83914
51052
57575
64678
125271
60332
13431
118963
50405
15749
126253
53174
72278
25796
29177
59999
51780
63342
98154
82766
112985
108911
44385
81063
100216
116894
37928
100962
125633
29819
102758
52338
16934
41314
88180
96921
26023
2032
128496
23975
91693
62055
2535
41825
37188
28117
68859
117050
61659
84570
82256
23685
114986
126851
13721
116767
10497
115297
82663
40421
36429
82590
39597
39211
108823
5124
76830
6895
31007
19067
7089
81321
121424
104115
72953
51662
93506
94472
100183
29634
91475
51347
80254
86484
49532
63376
5189
23065
85308
56158
120748
93779
90267
43861
4439
61076
25868
104047
99893
11455
62536
3654
77893
123850
75007
12077
55651
94704
100289
1837
17539
74848
71075
86892
115118
103344
81195
54612
81326
13714
54125
44333
53791
128027
96947
64371
64113
72463
49709
81497
47043
55518
112691
11385
126314
22849
10772
7257
68125
28424
55735
101372
30614
19221
37877
67528
51164
4652
20086
53325
98595
25190
127749
59799
386
119866
60246
78546
73092
58246
92743
94562
30188
30616
3792
72982
120427
105208
117421
65113
65781
83203
96999
80130
75189
31813
5046
114657
126632
126605
63892
122546
54120
18937
97642
63225
113418
95980
12497
5761
118778
32449
124742
117726
98059
66394
111543
79016
1324
17984
37529
1014
127893
80329
31390
126529
93038
106810
76997
23788
45799
33583
37750
33676
32480
108575
41149
31203
16996
112504
12217
87730
81294
56057
66807
122673
129542
34361
92261
33957
25473
2485
3538
31801
5603
29727
27689
13675
39170
122156
14680
88454
28101
59208
26215
84721
85109
39485
12309
122297
42293
36177
87352
69580
56970
70751
4440
52576
39981
128554
88101
5
24707
63581
49354
50173
29037
95269
22500
91121
22868
61756
95311
125594
32153
23484
68516
18903
96334
118812
47836
59200
22713
89111
45413
21030
68531
120197
103913
16758
79217
112081
75792
112486
56184
97648
30925
40897
90692
99118
101880
110531
88072
89343
45725
87584
129646
47003
7494
38509
27965
19498
74857
2871
101869
125753
68102
40447
54916
86091
58671
84162
108902
115033
55212
42689
759
17618
20694
77848
107284
3651
103702
52741
69226
128644
123930
2928
90136
126622
122611
58122
111332
112328
16293
2820
57760
43732
81551
71058
6982
8640
91773
74349
55140
102978
62275
103852
96543
11436
50506
10743
88598
52534
116384
99612
18804
85517
91802
87009
100122
128899
37376
85057
27757
103033
4566
31991
2392
65242
25312
8626
57683
47449
77940
8932
124696
105805
24854
51066
48213
115404
27079
98511
82291
31105
62696
28954
72767
114497
46182
97066
38305
19574
63937
119864
47931
98075
65997
94670
68345
9656
86192
110971
40099
111883
34237
72620
29814
113394
27252
47409
30899
75879
17961
95738
15946
4500
90434
129739
109358
129225
19590
100699
86064
112547
46516
10577
14234
49509
67012
12895
34419
100233
29479
70059
103584
33278
64114
81721
317
92962
60948
61363
5914
39819
35800
89206
39753
84707
55589
59083
112168
99982
60297
32772
49101
56999
83464
78497
79963
21698
72751
109596
7954
73449
16919
124044
120329
44106
82384
23932
107270
117784
16876
129672
85986
114403
90532
30466
117384
105752
113519
117053
52868
94688
118878
6539
2850
38687
7858
25591
38433
89986
123845
77700
20662
72338
6525
34821
36854
24294
110300
50731
46696
80051
6279
54205
10691
127557
53955
63788
59675
120305
43856
108385
95464
20956
128552
97452
120276
21779
32857
86854
25780
40038
92117
129728
114002
83974
117268
39071
13659
83219
247
49342
16000
79100
122450
2463
69072
35614
50431
18413
1051
43306
15532
47693
33529
9277
29400
48395
21128
72411
56004
83733
126383
34182
87105
47974
97757
20459
115755
58530
92070
48601
25277
101603
61557
112637
67339
98100
90221
120196
40903
24175
113420
111007
114636
77816
127900
70203
101429
99963
50315
128979
22862
75444
78431
83279
121283
76545
74854
70792
33619
26049
35691
58178
113107
120814
65656
186
63331
17791
102129
128510
93949
27894
35923
124064
1069
102196
113129
103073
6696
110116
89296
107016
70586
69582
93975
115097
118040
24920
109041
21667
79943
22954
17629
579
42866
52554
1921
115971
72304
18385
56432
45141
2585
18299
37571
9165
75425
47685
97959
101531
15191
35835
43207
42620
113468
48507
103230
81519
120928
2891
63935
14871
106804
32659
82098
44709
33566
40728
30145
57703
5717
46326
64355
98782
108007
63555
27257
102345
99167
90687
94959
95163
102204
96739
15101
107381
2367
20499
104243
84800
75855
71070
51623
93394
106562
99493
69950
45916
68659
80446
20306
17337
59824
87343
49073
96709
78955
94975
124635
70365
45003
75492
4273
13559
45639
10843
67232
31678
79196
26578
100235
79109
105499
45524
103109
118465
15417
82667
87644
19417
83621
127048
50575
12063
105979
109852
61455
110502
119201
51349
5076
18233
1869
85773
41041
58227
76831
21341
15154
66584
54255
42639
19639
64962
37515
118167
35512
101656
10106
86305
125528
70540
52556
28377
73406
22994
66315
123841
28801
113847
53137
36342
104231
38175
125685
60190
30206
31868
121555
54307
13436
79365
49589
101464
96560
125298
90957
43872
105044
65324
8126
121763
104196
115576
5840
28018
80834
12644
6389
36776
56782
100818
81948
73926
11273
126628
121305
61893
96758
33200
8306
67609
115015
7536
93219
43276
104279
36830
39265
104050
89767
37814
56373
12057
9276
111380
10292
78699
75553
113253
23170
110187
86306
44963
127105
122338
61971
121109
23708
11088
79434
65550
59935
122247
51854
20451
5503
52714
68985
31726
30598
95306
6549
31
91163
77543
94646
26965
121836
92950
93341
76607
105503
124671
123234
22131
7559
70959
24764
13511
